-0.266002 0.401950 8.558490
-0.808809 0.942797 8.463569
-0.805476 0.985599 8.704311
0.319168 1.649132 7.526013
-0.221124 2.001157 8.827918
0.057174 1.921212 9.185929
0.091313 1.180470 10.936790
-1.089769 1.044019 13.379326
-1.023282 1.282253 11.922949
0.456747 0.253686 9.894193
-1.549666 0.498585 10.482270
-0.660292 0.132774 8.907125
-1.296562 0.106571 9.775398
-0.803858 0.524017 8.952029
-0.862658 0.901638 8.186129
-1.183901 1.279009 7.864826
-0.279037 1.317683 8.703642
-0.206692 0.676526 9.931263
-0.858878 0.137752 12.647663
-1.232215 0.959739 12.050399
0.816186 -0.101116 9.716114
-0.610614 -0.512592 12.284541
0.807584 -0.643711 8.819250
-0.303546 0.004560 9.094206
-0.329349 0.217078 10.024792
0.209073 0.808483 8.821501
-0.159218 1.241280 8.889147
0.200848 1.121850 10.096991
-0.548770 0.676077 11.521092
-1.411835 0.738945 12.679302
-0.193237 1.477200 11.384215
1.257977 -1.098292 12.334058
-2.359280 -0.856797 12.832342
-0.529928 -0.228160 6.538058
-0.613276 0.155385 7.278722
-1.310353 0.056619 8.596981
-0.785354 0.580119 8.980192
-0.613717 0.884205 8.973483
-0.668888 0.904150 8.974175
0.085092 0.583628 9.299408
-0.672602 -0.058671 11.840110
-2.302667 1.058970 12.304344
1.615004 -0.093878 9.065487
-0.634824 -1.714677 14.517773
-1.302035 -0.626786 11.947985
0.501612 1.139115 5.130845
-0.388749 0.633961 8.589713
-0.011299 0.340718 10.614774
0.663483 0.905005 7.833387
-0.255078 0.970084 9.544602
-0.206932 0.421260 11.215012
-0.426484 0.275102 11.952542
-0.359118 1.114578 12.080587
1.180614 -0.420491 11.752611
-1.800478 -0.828855 12.800880
-0.859573 -0.236709 8.552559
0.027896 0.246282 7.545529
-1.173013 0.281854 8.831820
-0.169118 0.792556 7.593570
-0.109447 1.059331 7.792907
-0.351518 1.026477 9.086581
0.398212 0.814114 9.409854
-0.265697 0.099589 10.928448
-1.170063 -0.019813 12.728251
-1.100575 0.842704 11.364599
1.774136 -1.140456 10.753706
-2.003239 -0.942233 14.159324
-0.934805 0.110419 8.326080
-0.510824 0.817171 7.393004
-0.575995 0.683685 9.304724
0.163182 0.831620 8.995277
-0.114313 1.389072 8.677963
0.655294 1.613435 9.256023
0.593867 1.193710 10.236095
-1.076915 0.877541 12.042990
-1.406428 0.188491 11.587466
-1.267755 -1.117151 14.164493
-2.153712 -0.210701 11.250243
-0.353743 0.095810 7.593373
-1.405698 0.330443 9.307308
-0.784802 0.611747 8.057787
-0.420379 0.890831 8.133940
-1.000383 1.047218 9.550097
0.039388 1.242893 9.003886
0.531455 0.764576 9.016867
-1.310670 -0.284355 12.703330
-2.581506 1.021291 11.874304
1.857433 0.099217 8.843040
-0.207398 -0.855416 13.998092
-0.436432 0.104134 10.216538
0.962084 1.388527 6.024299
-0.051094 0.885824 9.843098
0.204037 0.754601 9.705201
-0.303214 1.248171 8.040073
-0.226403 1.415354 9.567525
0.062940 1.135360 10.310952
-0.152674 0.491222 11.636697
-1.221179 0.862802 12.154519
-0.524898 0.262450 9.901242
-1.119562 -0.527168 12.383794
-1.385945 -0.399965 10.130456
-1.228109 0.077645 8.595655
-0.438926 0.164715 8.945906
0.179972 0.591152 8.962002
-0.310271 0.707587 8.822815
-0.303243 0.717732 8.954848
0.737093 0.050970 9.486403
-0.236296 -0.785320 12.780470
-1.802991 0.467416 12.558811
1.271640 1.034240 7.404355
1.027944 -0.722470 12.170915
-1.912035 -0.918550 12.572753
-0.406050 0.094976 7.794171
-0.664202 0.336443 9.600914
-0.164509 0.464922 9.996936
0.018341 1.060659 8.440358
-0.036872 1.403432 8.707283
0.154217 1.100831 9.912756
-0.690802 0.873103 11.562121
-1.417896 1.164487 12.357033
-0.609170 0.864278 10.386482
-1.404558 0.145646 11.483884
-1.193086 0.052302 9.254838
-1.248068 0.105531 8.927037
-0.851970 0.394142 9.482382
0.293025 1.181423 7.712101
-0.471698 1.134185 8.472328
-1.133049 1.156522 9.293316
0.072260 1.160337 8.749125
-0.154839 0.189672 10.948216
-1.706832 0.322696 13.487122
-0.167665 0.926796 9.327125
1.302045 -1.139022 9.404836
-2.016066 -0.775260 13.419777
-0.730344 -0.002754 7.664079
-0.512976 0.080313 9.771132
-1.274080 0.303131 10.961860
-0.860801 1.012933 7.607837
-0.831806 1.281735 9.129487
-0.368498 1.013981 10.314714
-0.948186 0.930662 11.347968
-1.263565 1.447266 12.028621
-0.032848 0.545180 11.801152
-1.378245 -0.507500 14.282645
-0.704604 -0.278025 9.007270
-1.052190 -0.164539 8.482262
-1.611058 -0.431302 9.426419
-0.353030 0.352853 7.159326
0.009256 1.037641 7.332231
-0.321126 1.358072 8.262684
0.418714 1.197034 8.553805
-0.275036 0.491202 10.395411
-1.052004 0.282258 12.434090
-0.308143 0.827374 11.256266
0.909665 -0.379871 11.719600
-1.102127 -0.510220 13.068149
-0.485536 0.196307 9.136157
-0.307074 0.668723 7.800065
-0.886789 0.451194 9.135267
-1.320279 0.561010 9.316043
-0.951275 1.136382 8.482870
-0.851359 1.239045 9.114008
-1.263504 0.750432 10.799056
-2.059397 0.985097 13.023699
-1.424107 0.798271 10.631035
-1.157229 -0.859379 13.035779
-2.427668 -0.306203 11.862453
-0.488930 -0.038362 7.683766
-1.589465 0.034873 9.693560
-1.055256 0.355207 8.284324
-0.650475 0.890977 7.662927
-0.896117 1.035889 8.013228
-0.441605 1.104120 8.198734
-0.522447 0.458030 9.404277
-1.528247 -0.354365 11.901369
-1.593955 0.395493 12.319718
1.053526 -0.366701 9.871084
-1.799213 -0.484840 13.099414
-0.609934 0.096671 9.245017
-1.361762 0.322453 10.712873
-1.296664 0.229629 9.959315
-0.736438 0.499278 9.004184
-0.623901 0.850623 9.748878
-0.073875 0.962226 10.125087
0.045771 1.039473 9.771410
-0.949084 1.089110 11.833809
-1.259693 1.178116 11.437797
-0.642632 -0.154978 11.948312
-2.196247 -0.058100 11.195855
-0.918024 0.176963 7.822900
-1.848165 0.430733 8.593556
-0.453359 0.873598 7.207677
-1.020639 0.827270 7.729730
-1.309500 1.066568 8.798112
0.588639 1.274973 8.624177
0.407914 0.641720 11.366426
-0.831489 0.656012 13.021645
0.248431 0.935293 10.083131
1.529378 -0.232132 12.640758
-0.812953 0.046329 14.441196
-0.088880 0.916832 7.980379
-0.943534 0.995788 8.076563
-0.488268 1.026558 7.905875
-0.221257 1.769096 7.149391
-0.169058 1.981870 7.507427
-0.071948 1.587621 9.643271
0.134946 0.443293 10.843309
-1.595128 0.884892 12.965270
-0.183023 0.406464 10.860204
-0.973772 -0.658867 13.081680
-1.380928 -0.565208 12.370709
0.157593 0.364425 9.804551
0.067002 0.722184 8.958867
0.316340 1.080256 8.587689
0.256896 0.534330 9.531962
-0.643758 0.637340 9.122088
0.325027 1.139332 5.921027
0.535909 0.730965 8.611046
-1.195431 1.424540 13.661652
1.017878 1.112687 9.317075
0.858238 0.271910 11.223010
0.940695 -0.093856 10.743134
-0.013173 0.169738 9.158660
-1.218979 0.119696 10.298909
-0.580082 0.521906 9.174397
0.419416 1.181555 8.266422
0.548765 1.173995 10.064108
0.262665 1.187586 10.438683
-0.312835 0.881881 12.197350
-1.280640 1.213598 12.246372
0.025727 0.361362 9.456446
-1.361433 -0.165078 11.184968
-1.250093 -0.572175 10.926242
-1.013245 0.067429 9.714716
-0.020757 0.849916 7.587393
0.120123 1.303220 7.046339
-0.370300 1.270186 8.646042
-0.049453 0.681623 9.463262
0.360869 0.071327 10.683981
-1.323079 0.684254 12.774779
1.094085 0.023917 9.970019
0.587391 -1.725602 12.628096
-0.326385 -0.756227 11.869721
0.949970 0.834091 6.697661
0.186680 0.632230 9.995953
-0.632557 0.857792 10.219999
0.928265 1.756475 6.473845
0.924200 1.576874 9.264446
-0.209160 0.923328 11.524356
-0.113880 0.564878 11.960652
-0.279469 1.120748 12.559930
0.212146 0.510111 10.592121
-1.144368 -0.170616 10.766051
-1.356284 -0.754898 10.585124
-0.712448 0.097982 9.595299
0.438729 0.937027 7.903484
0.058730 1.400945 8.109253
-0.523907 1.526956 8.299485
-0.319130 1.415523 8.198473
0.299797 0.610333 10.016055
-1.543316 1.254096 13.438141
1.077146 -0.452635 10.466026
-0.254296 -1.640193 15.301737
-0.572865 -0.103979 11.906970
0.455734 1.778913 3.454335
-1.875475 0.786673 10.878130
-0.131516 0.264210 11.579421
0.403839 1.028340 6.246019
-1.440433 1.381580 7.713223
-0.645545 1.558041 9.733754
-0.088278 1.524055 10.550108
-1.220542 1.966850 13.139728
0.105437 1.060118 10.432449
-0.797737 -0.403054 12.028091
-1.757619 -0.368958 8.942717
-0.840419 0.408976 8.727014
-0.697284 0.358783 8.803655
-0.286228 0.577266 8.566450
-0.298023 0.815731 9.495071
-0.768563 1.078196 8.983060
-0.121319 1.075872 9.573214
-0.142196 0.557511 11.270067
-0.406934 1.095909 11.364170
1.391214 -0.259383 10.312762
-1.330983 -1.064538 13.896309
-0.220543 -0.661406 10.110418
-0.161426 0.038302 8.327355
-0.836013 0.274968 10.181998
-0.127249 0.719193 9.009598
-0.406084 1.458103 8.679353
0.255946 1.091992 9.789445
-1.447227 0.718567 12.398856
-1.624046 1.215232 12.661977
0.345789 1.088794 10.442887
-1.264765 0.577367 10.893294
-1.453735 0.605309 8.155572
-0.944086 0.283630 9.057810
-0.985233 0.623177 8.749231
-0.443313 1.185181 8.803896
-0.644088 1.307383 8.714940
-1.222320 1.230443 8.669632
-0.294565 1.045552 9.081296
0.019409 0.552390 11.002190
-1.420743 1.073508 13.356396
0.748867 0.866407 8.743211
-0.317325 -0.210932 11.813357
-1.373106 -0.079128 11.035694
-0.990473 0.635722 7.853237
-1.145329 0.752078 9.430305
-0.707457 1.114554 8.326812
-0.295018 1.466432 8.101605
-0.531873 1.540287 10.008569
-0.500190 1.136483 9.820609
-1.292992 0.724751 13.422207
-0.994191 0.765820 12.225976
-0.501591 -0.066309 11.575996
-1.618707 0.322242 11.118326
-0.877834 -0.091028 8.531466
-1.619224 0.419837 10.084397
-0.117855 1.321458 7.768486
-0.370697 1.713140 7.449050
-1.067691 1.589546 8.371967
-0.628037 1.177758 9.024609
0.192990 0.312589 10.694957
-0.784456 0.676421 13.296060
0.432038 -0.002937 11.403827
-0.067573 -0.667272 13.432842
-0.799345 -0.281452 10.020092
-0.566619 0.956791 6.723857
-0.421208 1.312905 7.841532
-0.812227 1.335668 9.301455
-0.718712 1.610569 9.508521
-0.095290 1.869753 9.774509
-0.091354 2.140828 9.143723
-0.208584 1.582507 10.642771
-1.838542 1.887901 12.848306
0.330259 0.780889 10.287773
-1.518914 0.641274 13.068313
-0.775770 0.565674 9.049304
-1.031937 0.338355 9.173061
-0.640741 0.620115 9.167057
0.172269 1.274860 7.051384
-0.694075 1.331665 8.187480
-0.976463 1.228403 8.798039
-0.058133 0.971048 8.986612
-0.447359 0.255906 11.664490
-0.903067 1.154316 13.129010
1.968371 0.564208 10.218879
-0.326934 -0.337718 13.558286
-0.496138 0.408492 10.425220
0.293930 1.472303 6.164143
-0.693852 1.079825 8.478599
-1.229588 1.019077 9.292176
-0.489809 1.378076 8.438410
-0.636787 1.470287 10.240222
-0.595937 1.013805 11.514375
-1.516035 1.574402 13.298195
-0.613504 1.738011 9.400117
0.068325 0.030123 11.943090
-2.692316 -0.405923 13.405931
-0.788422 0.348263 8.228006
-0.148555 0.623948 8.689497
-0.008144 1.162540 7.048090
0.358346 1.456764 6.926291
-0.599182 1.385941 7.935834
-0.243616 1.001518 8.774998
-0.210972 0.729196 11.459962
-0.763770 1.553704 12.252442
1.322941 -0.743015 11.861116
-1.379538 -0.919620 16.064678
-0.174426 -0.095638 8.684888
-0.030185 0.736496 7.104147
-0.412819 0.698512 8.683651
-0.360463 1.098731 9.638364
0.429575 1.603844 9.774246
0.209574 1.674702 9.406331
-0.074750 1.038762 10.464338
-1.579513 1.027226 12.838861
-0.368279 1.209305 10.740825
-0.400845 0.181863 10.792791
-1.760687 0.594959 9.287687
-0.305618 0.613065 7.981967
-1.032698 0.331685 9.606933
-0.872984 0.977738 7.558541
-0.828684 1.256819 8.315392
-1.639568 1.348593 9.112361
-0.458533 1.404043 8.812550
-0.132743 0.711686 11.160021
-1.343549 0.474460 13.838883
-0.807832 2.338787 9.851898
2.102645 -0.556821 9.202753
-2.596531 -0.808581 16.548625
-0.158015 0.355009 8.328860
-0.901052 1.173607 6.118693
-0.668224 1.012299 9.778194
0.897057 1.483145 8.823119
0.559408 1.659580 8.531264
-0.750547 0.933532 11.019239
-1.016623 0.727468 12.803799
-0.116535 1.030305 11.099685
0.038086 0.470237 9.836815
-1.417501 -0.494188 10.925937
-2.020389 -1.196318 10.815542
-1.170735 -0.276254 9.571192
-0.599348 0.681355 7.804938
-1.111513 1.235851 8.074172
-1.494158 1.105446 9.667018
-0.577392 1.186602 9.290358
0.257427 0.866540 10.117735
-1.092562 0.638001 12.702499
-0.434795 1.071577 10.922253
0.897283 0.371890 9.178485
-1.851067 0.218450 11.802247
-1.257804 0.939468 8.323524
-1.349163 1.244814 7.693597
-1.384803 1.089206 10.191948
-0.911158 1.696626 8.517206
-0.454329 2.269960 8.264628
-0.830087 1.816378 10.101323
-1.406564 1.521243 10.990282
-1.058044 1.489296 12.959930
-0.737232 -0.137701 12.712689
-0.554157 0.129188 11.897367
-0.433815 -0.074769 9.534081
-1.011496 0.398664 9.882721
-0.269822 0.886752 8.031413
-0.846564 1.120086 7.929831
-0.574255 1.318514 8.254540
-0.083136 1.418408 8.460436
-0.220541 0.528354 9.634638
-0.857810 0.655252 13.233409
0.643580 1.459745 10.805671
1.759742 1.058692 9.212683
-0.794926 0.678473 11.571780
-0.470879 1.180166 8.741547
-0.893035 1.351257 8.579491
-0.949354 1.468942 9.576306
-0.321403 1.807694 8.673302
-0.034795 2.053110 9.067466
0.695285 2.021095 9.323345
-0.873689 1.535748 11.384400
-1.458590 1.611070 12.702203
0.012079 0.808235 9.863761
-1.172501 0.268010 13.340773
-0.525345 -0.001516 9.731784
-0.788065 0.255924 9.702738
-0.677597 0.817751 8.738980
-0.272357 1.282379 7.870840
-1.256881 1.215178 8.754514
-0.389327 0.971342 9.792968
0.154042 0.934367 9.978876
-0.397717 0.555913 10.630723
-1.353953 1.356968 11.226942
1.087047 0.983248 9.259981
-0.359719 0.282812 11.373746
-0.904412 0.154224 9.764270
-0.408508 0.317147 9.384891
-0.629244 0.671596 10.086490
-0.098788 1.279709 8.072007
-0.076993 1.553539 8.568728
-0.175978 1.365438 9.982825
-0.057238 1.015925 10.753056
-0.424076 0.981275 12.863205
-0.141904 1.363718 12.179154
-0.038795 0.250134 10.456116
-1.699863 0.204769 11.185922
-0.792743 0.098733 8.871657
-1.001855 0.336777 9.430402
-0.786925 0.829240 8.012942
-0.107675 1.179620 7.868157
-0.867013 1.334346 8.498637
-0.530909 1.212823 8.348204
-0.092536 0.566435 10.127523
-0.915989 0.271653 13.106595
-0.047857 0.323849 11.300713
0.670591 -1.687149 13.192696
-1.704787 -1.043652 13.357423
0.454386 0.401132 6.345056
0.733165 0.986842 7.248086
0.425121 0.862210 10.123025
0.029993 1.100679 8.461555
-0.093690 1.674033 8.239992
-0.170425 1.360334 9.866572
-1.010951 0.994907 11.955831
-0.500554 1.322571 12.717108
0.253915 0.226780 11.385044
-1.592914 -0.343252 12.669257
-1.168167 -0.325341 8.942244
-1.386377 0.301855 8.380899
-1.119922 0.228733 8.402706
-0.492133 0.306430 8.459805
-0.681643 0.322422 9.301069
-0.362375 0.453026 8.142256
0.036433 -0.173396 9.442497
-0.992092 -0.558076 12.827627
-0.739754 1.513547 11.379685
3.746851 0.432280 8.162466
-1.007968 -0.297348 15.249017
-0.516593 0.249140 10.409824
-0.435033 0.990278 6.590785
