-0.156988 1.130853 9.606961
-0.287777 1.244299 9.649780
-0.249760 1.197291 10.126986
-0.098218 1.249486 9.827022
-0.046367 1.452542 9.603132
-0.058049 1.410715 9.817894
0.002779 1.466329 9.953069
-0.141601 1.817088 9.546825
-0.018683 1.800288 9.669890
-0.283204 2.071122 9.645733
-0.365622 2.271891 9.328100
-0.621300 3.112037 9.022622
-0.341799 2.844954 10.528997
0.023575 2.514729 12.339760
-0.636455 2.154087 14.991107
-0.055029 2.034021 13.683531
0.490329 0.333356 11.849738
1.056370 -1.601876 11.914496
0.225156 -0.112408 8.132784
0.432635 -0.187486 6.463950
0.117376 -0.246396 7.062451
0.119493 0.163502 7.272622
0.656825 0.662139 7.508823
-0.366106 1.253565 9.296422
-0.359574 0.973206 10.247994
0.461537 0.522925 11.077050
0.217724 0.997390 11.763613
0.527731 0.113264 15.364098
-1.089299 0.258488 15.804368
-2.265152 -0.643619 13.740351
-1.734509 -0.912151 11.606151
-3.187470 1.107717 5.726148
-2.361721 -0.239393 6.347699
-1.903959 0.146854 5.683463
-1.042554 0.627885 7.435945
-0.805556 1.452620 6.992499
-0.922601 2.286979 8.785746
-0.895339 2.922003 9.104725
-0.086136 0.965780 12.829635
0.522891 0.690826 14.132234
-0.080402 1.813341 11.986977
0.607840 0.051324 12.192445
-0.011647 -0.323665 8.577157
-0.402456 -0.818070 8.141239
-0.508972 -0.170027 6.670514
-0.521587 1.192305 6.581196
0.257397 1.087600 8.667431
-1.197601 1.149522 10.124269
-1.130964 -0.410404 12.164605
-0.548199 0.381652 10.913288
-1.380798 1.758493 10.754780
-2.242775 1.133687 13.102885
-2.902997 0.030495 12.761033
-1.108046 -2.911908 14.225686
-1.773894 -0.215872 8.528172
-2.279313 0.064312 8.159164
-1.447939 -0.160533 7.501774
-1.133873 0.860370 6.098074
-1.463236 1.275369 7.388287
-0.936082 1.114684 9.350876
-0.355825 0.424513 11.305728
0.463618 -0.143227 11.482333
0.810446 0.160704 13.373648
0.505320 1.772731 13.093967
0.359307 0.466166 12.113843
0.869313 -1.342890 13.959198
-0.429838 0.832569 8.160805
-0.073391 0.213668 6.007312
0.044563 -0.057313 5.139991
0.820944 0.528986 5.333862
0.043766 1.524670 7.634733
-1.281830 1.820712 9.668911
0.195132 -0.081536 10.995231
0.182710 0.434701 10.856953
-0.086399 1.338348 9.985090
-0.083298 0.637904 12.607539
-1.679897 -0.034320 15.813361
-0.460623 -1.901251 13.757933
-1.477766 -1.445462 12.578544
-3.366871 0.645979 8.484207
-3.737780 0.361274 8.338500
-2.471977 0.255896 6.874003
-1.682152 0.342948 5.828167
-0.877346 -0.379550 7.807875
-1.232726 0.541721 9.818696
-0.589819 1.233578 8.398900
-0.403162 1.146299 8.736620
-0.554635 1.323546 10.175547
-0.715512 2.206653 10.787354
0.584024 0.849247 14.214401
2.232428 0.461849 12.720262
1.228985 -0.853970 13.199050
1.637615 -1.456153 12.440574
0.026918 -0.143140 7.038249
-0.275920 -0.240462 7.926548
-0.467943 0.504327 7.235517
0.761939 0.348657 6.989907
0.317375 0.941210 8.816574
-0.240090 1.179862 9.293577
0.238475 0.924893 8.993312
