0.006273 2.570109 8.689342
-0.805821 2.416306 10.083839
-0.953499 2.560854 11.852377
-1.011103 2.452300 11.385666
-0.699294 0.781716 11.067450
-2.378627 0.734895 11.609606
-0.879167 1.282737 7.944440
-0.630173 1.446638 8.056541
-0.834726 1.399171 9.126104
-0.489809 1.755234 8.590027
-1.006693 2.031556 8.601381
-0.655636 2.131615 9.303132
-0.431508 2.167669 10.042629
-0.035469 2.004076 10.812147
-1.004535 2.438598 12.360484
0.346118 2.161960 9.332879
0.216944 0.526233 10.598346
-0.862293 0.946511 11.110044
0.233641 1.431539 7.340504
-0.530620 1.288898 10.038367
-0.141523 1.583651 9.244256
-0.509876 1.923291 8.692715
-0.651090 2.194172 9.778823
0.218526 2.289673 9.412133
-0.485162 2.049625 11.018440
-1.010492 2.049749 11.297409
-0.372378 2.323852 10.317861
0.324994 1.020247 10.950417
-1.933733 0.588753 11.751144
-0.900981 1.139801 7.890497
-0.606142 1.049613 9.193040
-0.481583 1.048119 9.785124
-0.395769 1.788933 8.400127
-0.571663 2.174452 8.640241
-0.708351 2.262465 8.849658
-0.497496 2.092468 9.579766
-1.414887 2.069466 11.146385
-1.692177 2.607914 11.114469
1.440471 0.074963 9.801306
-1.583447 -0.273758 13.821010
-0.258686 0.956622 9.600263
0.457412 1.421374 7.142202
0.267793 0.974685 10.710057
0.123849 1.151363 8.943713
-0.864224 1.482469 8.213681
0.080779 1.875350 9.320763
1.192962 2.376433 9.193819
0.634069 2.360775 9.939583
0.140610 1.983961 11.184575
-0.423037 1.964520 11.351853
0.354531 0.826832 11.350485
-1.444229 0.248841 11.119856
-0.940476 0.777804 8.577177
-0.535169 1.074996 8.794771
-0.167734 0.764211 9.235384
-0.104892 0.937964 9.905849
-0.795719 1.527504 8.859485
-0.646162 1.909842 8.653670
-0.240528 2.097992 9.438605
-0.322285 2.010770 9.890793
-0.103667 1.554342 12.073306
0.168339 2.036990 11.994876
1.829290 1.167797 7.864385
0.082882 -0.023088 10.904805
-0.675170 0.294842 11.599614
-0.128625 1.105870 8.181981
-0.144035 0.856298 10.087381
0.183373 0.892177 9.934916
-0.272757 1.365506 8.704396
-0.338052 1.680789 8.973648
0.317116 1.883989 9.321744
0.141662 1.748965 10.273091
-0.540059 1.280050 11.110682
-0.906960 1.394956 9.860973
0.135435 0.382695 11.404166
-1.311449 0.079584 13.205233
-0.004288 0.483706 9.333485
-0.538524 0.647677 9.622350
0.048648 0.878485 9.064176
-0.170210 1.287153 8.362666
-0.307136 1.511467 8.675450
-0.355734 1.751521 8.368682
-0.013882 1.909693 9.114953
-0.478450 1.934277 10.330141
-0.732130 2.264339 11.560940
0.408771 1.548846 11.311047
-0.217016 -0.077052 11.319694
-1.259218 -0.001695 12.412919
-0.644189 0.712987 8.373932
-0.659382 0.999227 8.417881
0.075991 1.020860 9.870540
0.028358 1.389084 8.619985
-0.009149 1.636504 9.217274
0.235867 2.046003 9.297600
0.436477 2.183332 9.450730
-0.032709 1.775367 11.082211
-0.411032 2.087486 11.386810
1.115948 1.379515 10.047999
-0.717706 0.260803 12.938328
-0.873030 0.749169 9.665433
0.023960 1.029535 7.322928
-1.012797 0.771509 9.992428
-0.072818 1.182918 8.750511
-0.489263 1.835248 8.247630
-0.356028 2.138422 8.763654
0.056919 2.135632 9.366737
0.203444 1.625159 10.784575
-0.332359 1.443265 12.491387
0.467844 2.409537 10.172299
2.846076 1.309219 9.097906
-0.294017 0.175680 13.272451
-0.459300 0.872966 10.178602
-0.092870 1.236206 7.213959
-0.425722 1.175205 9.389646
0.006800 1.295987 9.009311
-0.853161 1.671092 8.711105
0.324178 1.844020 9.890120
0.594157 1.809629 10.266068
0.009122 1.551025 11.623132
-0.980954 1.918340 11.523151
0.344155 0.744947 10.812689
-1.086933 0.231816 11.732264
-0.911092 0.555434 8.044702
-0.443033 0.555035 7.675589
-0.796719 0.529570 9.746567
-0.557335 1.136175 8.532215
-0.688004 1.519917 8.943287
-0.369801 1.675783 9.482563
0.273638 1.493501 10.176861
0.217105 0.919407 11.624312
-0.647348 1.558813 11.992693
2.125791 1.533605 8.367318
0.942813 -0.062562 11.877287
-0.606563 0.541698 12.209815
-0.011505 1.568778 7.092427
-0.221406 1.176496 8.998037
1.241778 1.013389 10.743160
0.555455 1.217089 8.655422
0.095640 1.657439 8.728664
1.014390 1.836632 9.497438
0.110214 1.572810 10.622815
-0.874037 1.574040 12.406036
0.244159 2.036695 11.399379
0.702415 0.466787 10.793414
-1.656744 0.481610 12.148351
-0.139399 1.119872 7.604833
-0.387935 1.043950 8.200883
-0.070588 0.735811 9.943623
-0.054487 1.335429 8.650693
-0.386507 1.742128 7.827444
-0.177432 1.901092 8.841837
-0.205920 1.782115 9.958047
-0.723820 1.609167 10.420767
-0.843248 1.737826 11.736764
0.136202 2.108499 10.639794
1.412082 0.670544 9.850782
-0.923306 0.714782 12.029500
0.102856 1.380198 7.957244
-0.388569 1.206214 9.694385
0.568255 1.403245 10.122352
-0.115288 1.907974 8.010769
-0.295052 1.969051 9.185441
0.527223 2.147557 9.677135
0.368153 1.973202 9.938973
-0.419670 1.656533 11.770885
-0.366015 2.189563 10.880737
0.730026 0.743063 10.257287
-1.574034 -0.247664 12.994602
-0.789144 0.539462 8.361383
-0.508683 1.103288 7.791360
0.293908 0.915850 9.587947
0.473580 1.198076 9.181688
-0.686728 1.584075 8.619771
-0.517162 1.755195 8.466077
0.383562 1.644292 9.549991
0.168032 1.275539 10.923215
-0.625205 1.274929 12.339633
0.619389 1.380665 10.307209
1.121900 0.142182 10.021638
-0.851041 0.338171 11.858228
-0.304953 1.011052 8.572995
-0.125109 1.197665 9.844024
1.036795 1.422997 9.632517
0.200943 1.689241 8.789800
-0.077636 2.108732 8.609722
0.259368 2.076806 9.240001
-0.104465 1.563341 10.561367
-0.613922 1.544022 11.296630
0.264003 1.760219 10.569583
0.332762 0.266115 12.303864
-1.611853 0.319646 11.938673
0.071957 0.909894 7.376274
-0.766553 0.780698 10.308920
0.175770 1.017521 8.894846
0.085708 1.587081 7.922912
-0.510488 1.750483 8.213289
-0.115898 1.736705 8.874294
0.086269 1.350555 9.417219
-0.253090 0.835262 12.063446
-0.894294 2.069215 12.835471
2.657050 1.873383 8.093011
0.641818 0.432761 12.122556
0.075872 0.466124 10.900100
0.495839 1.028230 7.081816
-0.345291 1.210028 9.686812
1.122905 1.574701 9.219465
0.408729 1.878289 8.471528
0.257089 1.814711 10.503324
0.545699 1.742162 10.250573
0.205589 2.037263 10.454052
0.836404 1.837389 12.363093
1.171878 0.151767 12.490590
-1.033698 -0.008832 12.044815
-0.553554 0.568468 8.505834
-0.888119 0.846768 8.514934
-0.835604 0.883520 9.312070
0.296932 1.541985 7.915578
0.177451 2.045603 7.084473
0.476609 1.874499 8.358114
0.137538 1.432539 9.740753
-0.055761 0.976984 11.900919
-0.393061 1.982989 11.529679
2.184790 1.318998 9.761097
0.850917 0.021686 11.710092
-0.566579 0.645669 11.285786
0.189655 1.308626 8.005847
0.377127 1.270630 9.655175
1.053133 1.431623 9.664520
0.109140 1.773646 8.311975
0.076294 1.920572 9.186687
0.599467 1.896425 9.523380
0.218404 1.656967 10.972047
-0.307176 1.885943 12.098476
0.846464 1.586223 10.264188
0.141026 -0.011013 12.387122
-0.946721 0.163860 10.813944
-0.011601 0.788686 7.717822
-0.399816 0.582152 8.886452
0.132700 0.725169 9.369261
0.029915 1.228124 8.303109
0.003547 1.602950 8.448661
0.607637 1.616604 9.401471
0.078832 1.445153 10.625143
0.197549 1.402376 11.215893
-0.212183 2.054129 11.226459
1.497560 0.694164 9.882901
-0.711496 -0.200955 13.560749
0.042580 0.798850 9.486139
0.351980 1.467453 7.860469
0.058230 1.176881 10.293315
0.453649 1.522836 8.605198
-0.555898 1.727490 8.391648
-0.204275 1.863655 9.408267
0.046959 1.798454 9.613699
-0.392644 1.788710 11.018676
-0.088370 2.172840 11.199550
0.699800 1.304511 10.872790
-0.822753 0.288580 12.632641
-0.591993 0.729624 9.237890
-0.082197 1.192099 7.824371
-0.225189 1.195751 8.981916
0.372530 1.478960 8.724986
0.094597 1.675548 8.888914
-0.018247 1.779091 9.175660
0.316318 1.794122 9.395423
0.188350 1.646457 9.895313
-0.102496 1.333743 11.557798
-0.091313 2.047456 10.898614
1.462317 1.742710 8.848732
-0.194818 0.554695 12.175675
-0.504386 1.011251 10.487459
0.543584 1.551513 7.880704
-0.222755 1.080977 10.643049
0.237130 1.419959 9.342171
-0.231522 1.884112 7.900960
0.041718 1.951999 9.351953
0.495365 1.905155 9.446579
0.148497 1.850685 11.225830
0.004084 2.113339 12.032198
0.324338 2.133493 9.760068
-0.453769 0.724692 11.769467
-1.194188 0.607649 10.587424
-0.438049 1.079302 7.344642
-0.395842 0.721742 9.779383
0.425977 0.999936 8.657200
-0.188708 1.529813 8.708599
-0.416694 1.927695 8.636647
0.085613 1.763775 9.217045
-0.097614 1.300027 10.593145
-0.495740 1.350806 12.641411
-0.067755 2.045869 10.675783
1.794332 1.119225 8.908682
-0.794152 0.144006 11.650382
-0.098212 0.700752 9.923403
0.011984 1.321256 9.236196
0.501643 1.569571 9.106357
-0.006975 1.867819 8.864433
-0.027185 2.098896 9.001378
0.635238 2.261398 9.342098
0.356134 2.139840 10.014765
0.181545 2.196911 11.652819
-0.205320 2.354657 10.647097
0.522707 0.710090 10.820594
-1.918053 0.203995 12.807689
-0.145612 0.693781 8.395176
-0.738374 0.881375 9.210624
-0.016584 1.115427 8.667818
-0.354261 1.510600 9.016807
-0.518956 2.129414 8.130682
0.250792 2.198103 8.560844
-0.275863 1.750523 10.048990
-0.763831 1.392944 11.962132
-0.497288 2.279518 11.023558
2.250848 1.017090 7.838688
-0.810995 -0.272557 12.940841
-0.227815 0.426050 10.299016
-0.086540 1.118871 8.127904
-0.001479 0.982881 10.689420
0.459236 1.375937 9.423457
0.362523 1.754841 9.294569
0.369156 1.698052 9.598607
-0.164831 1.472076 10.489017
-0.204115 1.387513 12.727436
-0.423020 2.287102 10.883355
0.631204 0.965650 8.786676
-1.478894 0.489084 11.848666
-0.871688 0.814947 7.804078
-0.594756 0.780604 8.973894
-0.668642 1.016239 9.791036
0.369764 1.682796 8.453043
-0.367425 2.045800 8.443208
-0.054416 1.927449 8.980184
0.262976 1.742057 10.038258
-0.051169 1.257754 11.247136
-0.745889 1.610937 12.228093
1.147317 1.669452 9.759918
0.700892 0.921404 10.317088
-0.739583 0.854828 9.492280
-0.274548 0.984385 9.588017
-0.605293 1.214592 10.151690
0.347595 1.650065 9.866743
0.042528 1.923400 8.641602
0.084848 2.021998 9.172594
0.379503 2.027591 9.120758
-0.357352 2.078700 10.518174
-0.416395 2.237514 11.234009
0.513996 2.011737 10.029153
-0.267738 0.638822 12.442912
-1.318838 0.373464 10.517523
-0.340870 0.697848 8.199817
-0.632794 0.466737 9.980524
-0.257541 0.776022 9.622959
0.288007 1.589572 8.543428
-0.058892 1.792969 8.194077
-0.009803 1.671872 9.155828
0.246461 1.369850 9.787055
-0.038195 1.030126 11.558810
-0.333694 1.747765 12.529911
1.966030 2.013961 8.554615
2.723218 0.096240 10.219195
-1.455595 0.315146 12.976357
-0.019790 1.432885 8.043782
-0.204511 1.641519 7.963002
0.296744 1.305228 10.393856
-0.141683 1.491005 9.150200
-0.766432 1.720898 8.893515
-0.231900 1.715616 9.778148
-0.111492 1.689545 10.819456
-0.041347 1.441168 12.300099
-0.759544 2.101600 9.762625
0.414186 0.214459 10.725550
-1.837634 0.375007 12.457505
0.126424 1.372716 7.027746
0.434434 1.293522 8.607022
0.174942 1.100191 9.471925
-0.494401 1.303688 9.127731
-0.910727 1.589841 8.723665
-0.409049 1.714213 8.459730
-0.079313 1.402703 9.965548
-0.752723 1.212149 12.267117
-0.189522 1.571420 10.884549
1.660055 0.912573 9.838461
-0.708921 0.036404 13.558189
0.255537 0.720565 9.318374
0.039323 1.195771 8.490805
0.278552 1.234465 10.175578
0.185515 1.640375 8.341543
-0.313263 1.736457 9.399772
0.383108 2.031899 9.288139
0.223005 2.149916 9.427892
-0.099053 1.741948 11.439076
-0.734362 2.306756 11.401460
0.918327 2.241952 8.490398
-0.877158 0.512169 11.805013
-2.174767 0.635704 10.650239
-0.140494 1.395840 6.637743
-0.300166 0.717155 9.864752
0.085296 1.002505 9.898621
-0.320751 1.827423 7.548659
-0.569099 1.934013 8.950257
-0.314081 1.658462 9.765858
-0.574143 1.355841 10.979638
-0.750038 1.387645 11.806096
-0.175679 2.677959 9.983279
1.157547 1.093552 9.884284
-1.762442 0.322586 13.773360
-0.442456 0.792463 9.731638
-0.425242 0.979888 7.884998
-0.187281 0.869813 9.614590
0.138650 0.930320 9.341692
-0.364742 1.311468 8.615493
0.098830 1.660351 8.755928
-0.275059 1.806764 9.416624
0.089890 1.779372 11.610128
0.217770 2.388072 11.134970
0.344967 1.211912 10.138271
-1.814061 0.629602 12.624809
-0.480259 0.798247 8.648447
-0.664855 0.572962 10.325749
0.156193 0.715473 9.530131
-0.100339 1.398711 7.940102
-0.449143 1.699669 8.215222
-0.252388 1.815289 8.136733
0.083532 1.676541 9.133941
-0.462353 1.183868 10.472210
-0.944420 1.327465 12.055950
0.269902 1.870648 9.846824
0.687820 0.829612 10.738960
-1.044981 0.489117 14.107461
-0.025931 1.059070 8.773372
-0.158651 1.365562 8.664362
0.571304 1.497666 8.864765
0.042241 1.800035 8.156931
-0.320075 1.750998 9.483001
-0.003519 1.819586 9.672201
-0.149321 1.884969 10.260749
-0.220333 2.034252 11.261202
0.179165 1.564668 10.971136
-0.195123 0.226773 11.945477
-1.187192 0.383779 10.508764
-0.430150 0.644537 8.491791
-1.530886 0.597641 10.399012
-0.703851 1.161429 8.953741
-0.595241 1.625280 8.212877
-0.550080 1.853146 8.350606
-0.229215 1.729569 9.077986
-0.083552 1.426011 9.787513
-0.597001 1.220429 10.755839
-0.411423 2.060882 11.477827
2.031244 1.089961 8.635746
-0.023574 -0.851620 14.171529
-1.143650 -0.123990 12.754305
-0.231948 1.078847 6.217851
0.723078 0.971223 8.579458
0.824230 0.970288 10.077453
0.372552 1.243719 8.739981
0.406999 1.415221 9.458827
0.683080 1.515141 9.714096
0.355472 1.505242 11.132140
-0.350138 2.121718 11.908289
0.964992 1.171367 9.502075
-1.001152 0.489774 12.327162
-0.454082 0.686633 9.115798
-0.796782 0.455095 8.458130
-1.094576 0.390467 10.321562
-0.673901 1.101173 8.417038
-0.934613 1.463579 8.773824
-0.486292 1.593486 8.739614
-0.084735 1.523670 9.632487
0.078453 1.345446 10.349214
-0.611475 1.524121 12.241319
0.155614 2.016065 10.244519
2.245149 0.403799 9.476074
-1.634263 0.065245 14.658186
-0.039929 1.270082 8.414426
-0.410615 1.672637 7.039968
0.450039 1.225936 10.497882
0.503665 1.338096 9.600636
-0.002698 1.896100 8.336530
0.168188 1.881825 9.014632
-0.165369 1.615339 10.668529
-0.176367 1.934787 12.292828
0.245753 2.273993 9.643127
0.733304 0.777584 10.635375
-1.343404 0.789377 11.969833
-0.252376 0.859929 8.563849
-0.996912 0.636366 10.644028
0.074893 1.126579 8.716150
0.077627 1.716239 7.902832
-0.100435 1.893383 8.160075
0.311662 1.912884 8.308046
0.421718 1.500388 9.598705
-0.115364 1.463135 11.841039
0.169076 2.394459 10.472145
2.407022 0.701336 9.308802
-1.131496 0.002630 14.627554
0.819653 1.039926 8.231524
0.759819 1.530769 8.217358
0.756994 1.279829 10.929579
0.745877 1.571939 9.059442
