-0.016883 1.633300 9.918402
0.907514 1.323970 9.713724
0.201528 1.553460 10.196980
0.209505 1.594558 9.945576
0.329085 1.747333 9.436294
0.220267 1.901782 9.081735
0.244217 1.653293 9.152358
0.108767 1.607404 8.622527
-0.237497 1.172487 7.934900
-0.871371 1.582440 5.749970
-0.466140 0.597062 5.517690
-1.208030 -0.589570 12.370131
2.628074 1.426744 16.884087
-1.248726 4.787788 7.780543
-0.136558 2.701444 12.866303
-0.400948 5.156481 7.295905
-1.482367 1.658643 11.900082
-2.277605 0.041661 13.022978
-2.659082 1.691485 8.898141
0.064663 -0.064308 8.156632
0.072578 0.342151 7.119586
-0.111678 0.536454 7.574111
0.049449 0.508688 7.539499
0.050190 0.505482 8.086347
-0.537221 1.080238 8.761532
0.007174 -0.170940 13.215881
1.885236 4.042578 12.065982
-2.010041 1.753011 13.077491
-0.982212 -1.332342 17.690587
-2.216285 2.784100 7.501624
-0.136845 0.717289 8.526503
0.100461 0.623642 8.706877
0.227623 1.952168 7.854721
0.219834 1.316674 9.173850
-0.235003 0.348338 10.085956
-0.117507 -0.609681 9.430529
-0.621577 -0.024672 5.971131
0.043785 0.118920 4.536599
2.055117 0.614255 14.012794
-3.571781 8.413984 10.426085
-1.836174 -1.892724 14.650529
-0.485029 0.601606 15.826419
-2.721282 4.731052 7.905204
-1.367730 0.385200 12.927965
-0.358232 -0.038862 8.698091
0.350046 -0.543985 6.883701
0.777283 -0.934054 5.654749
0.389260 -1.061234 7.019174
-0.964193 -0.500045 9.001603
-0.283165 1.364638 13.535071
-0.526397 5.383800 9.259087
-2.381224 2.046372 11.734827
0.096648 0.177961 15.258453
-1.320321 2.367863 8.219235
0.159816 0.335389 10.705373
-0.096532 0.928000 8.847229
0.368893 1.045531 7.409017
0.525090 0.279584 7.123230
1.338780 0.220480 5.805900
2.189804 -0.584050 7.345015
1.153027 2.837516 15.081201
-4.977325 3.376121 12.075425
5.482932 -4.036122 16.420595
0.286411 1.903355 12.106902
-1.036263 2.398270 10.857802
-0.020030 0.722475 10.685119
0.201172 0.733697 8.413815
1.269508 -0.312150 6.827002
1.442376 -1.054266 7.010289
0.934667 -0.265365 6.068119
-0.485575 1.479098 8.418303
0.473187 1.756561 10.792311
3.251018 3.693803 15.113881
-0.695000 4.949032 7.823291
-0.774104 -1.687515 18.736496
-0.561536 1.221676 9.320641
0.047261 1.997582 5.843670
-0.094960 1.074202 8.701028
-0.485414 1.989454 7.589363
-0.421484 1.857173 6.310752
0.215478 0.368350 6.015002
0.510491 -0.930235 8.287619
0.821899 0.396222 17.079436
-5.136860 4.464423 11.324259
1.919771 -5.006522 18.016413
0.316686 3.837734 11.039981
-1.234836 4.102833 8.953803
-0.040711 -0.865076 14.322476
-0.511115 -0.079845 8.748183
0.332833 -0.427156 5.758045
1.462951 -0.478977 3.119509
1.994234 -0.273927 2.875774
1.037696 -0.118954 6.958402
2.401409 0.933446 17.932687
2.024743 7.059801 10.934723
-3.016754 1.727082 19.805393
0.035527 0.271379 15.284532
0.028689 4.067972 3.471937
0.489797 1.277505 7.512825
-0.277605 1.387910 6.785481
