1.045610 2.625009 8.697279
0.742441 2.807915 9.281474
0.860194 2.294474 9.497325
0.518658 1.867788 11.122595
0.650179 0.807971 11.396737
0.240603 1.151659 9.661156
-0.175422 2.161726 8.460477
0.416790 2.524431 9.454000
-0.152019 3.324650 10.826048
-0.600891 3.299112 12.279681
-0.195409 3.339722 12.858646
0.771152 3.018148 11.494752
1.870984 0.093860 12.780249
1.318729 -0.084269 11.676988
0.750773 0.750000 8.291921
0.168661 0.921955 5.901455
-0.862646 1.346845 5.789645
0.505485 1.181179 6.402121
0.769559 1.978256 8.494475
-0.344375 2.543463 10.222868
-0.256700 2.062979 11.491365
0.061879 0.775100 14.352271
-1.221937 2.496952 12.310917
-3.447299 1.388005 11.913578
-1.276221 -2.501248 15.602978
-0.579422 0.018113 7.985170
-1.013987 0.696704 5.899689
-1.291181 1.053844 5.944636
-0.701798 1.052614 6.615202
-0.053039 0.779669 8.477869
-0.149019 1.241651 9.171552
-0.291273 1.172142 11.679315
0.351965 0.575878 12.186897
0.605609 0.487064 14.535055
0.005989 0.981461 12.625441
0.279474 -0.399227 13.429468
0.916292 0.015503 9.996020
-0.076150 0.493452 7.427870
-0.123130 0.303020 6.597963
-0.632971 1.537209 4.828864
0.386506 1.487780 6.636884
-0.582693 2.217258 9.608655
-0.879254 1.993359 10.531100
-0.966919 1.330979 11.908553
-0.581144 0.885732 12.189128
-0.989751 1.407500 12.038072
-3.819584 0.551173 12.859706
-1.837237 -2.106638 14.013357
-1.844282 0.413912 7.449690
-1.902381 -0.358106 8.624525
-0.872996 -0.835818 8.080597
-0.586560 -0.147469 6.800961
0.275905 0.350394 6.776535
0.530357 0.690016 9.574695
-0.233810 -0.076116 13.773577
0.522143 -1.080076 14.235084
0.527090 -0.215150 12.449623
0.729931 -0.445998 10.245243
-0.838346 0.170253 10.941254
-0.497442 0.786238 8.676595
0.172142 1.073276 8.092134
-0.250322 0.679783 9.138497
0.084923 0.179246 8.378072
-0.166868 0.314775 7.732545
-0.363445 0.638217 7.196022
0.124335 0.687756 7.501687
-0.252663 0.445483 9.918398
0.083967 -0.150860 13.651209
-0.168214 -0.216348 12.577573
-2.355965 -0.775208 13.596995
-1.619623 -2.456012 14.834233
-2.245653 -1.176683 11.582787
-2.437639 -0.421881 9.580329
-1.323097 -0.592570 8.092870
-0.734239 -0.600350 7.624872
-1.281754 0.630250 6.390229
-0.310971 0.544656 7.281514
0.034194 0.567253 8.789768
-0.000092 0.578554 9.406538
0.426477 0.874554 8.745471
0.687139 0.425365 10.117187
1.097838 -0.478520 13.430657
0.610912 0.580208 13.975100
1.327573 -0.929275 13.040454
0.531316 -2.171220 15.125897
-0.478292 -0.695887 9.643003
-0.513771 -0.564738 8.014004
-0.925251 0.397975 5.414319
0.075500 0.425919 4.828739
0.396859 0.291905 6.786345
0.174671 0.556173 8.610737
0.092083 1.005877 8.551388
-0.691198 0.801296 10.329056
0.095118 0.125491 11.840066
-0.528346 0.130525 12.625207
-2.358285 -0.178985 14.817141
-3.706594 -1.647768 15.507390
-1.399573 -2.472078 13.570252
-2.605265 -0.610507 9.578631
-2.331624 -0.350644 8.079527
