0.075308 1.393039 9.709914
0.225879 1.221780 10.448479
0.211175 1.280699 9.997240
0.005359 1.365613 9.661115
-0.152195 1.328296 9.931252
-0.219868 1.387437 9.849339
-0.132125 1.451500 9.893849
-0.179349 1.434996 9.841427
-0.120703 1.322254 10.062739
0.089626 1.312089 9.878409
0.245848 1.368199 9.685495
0.229919 1.359778 9.583066
-0.040963 1.433794 9.534415
-0.133556 1.347572 10.059424
0.040239 1.226755 10.348330
0.181851 1.265311 9.773280
-0.011679 1.346644 9.637368
-0.310496 1.355755 9.628015
-0.569497 1.258571 10.123135
-0.484932 1.267464 10.227706
-0.046088 1.308460 10.167439
0.184241 1.269252 10.062803
0.117107 1.189070 10.044859
0.047192 1.203313 9.862784
0.114009 1.224737 9.650216
0.035455 1.274442 9.641078
-0.052771 1.309182 9.763948
-0.042248 1.191579 10.374508
0.065954 1.246887 10.014114
0.125469 1.325237 9.717408
-0.018765 1.300913 9.697811
-0.204633 1.170617 10.313715
-0.176258 1.268809 10.058141
-0.024673 1.408366 9.831432
0.051707 1.369427 9.724310
-0.115029 1.229981 10.040967
-0.039243 1.197131 9.916447
-0.065642 1.234694 9.895637
0.118679 1.257002 9.777000
0.043009 1.363308 9.785963
-0.057474 1.337742 10.068349
-0.029467 1.266806 10.180154
0.031785 1.307760 9.978453
-0.013799 1.314767 9.749884
-0.201658 1.244077 9.950611
-0.373806 1.170586 10.297000
-0.110120 1.316503 9.828766
0.004434 1.403680 9.694794
0.189137 1.310574 9.840292
0.055545 1.225414 10.038606
-0.027919 1.252774 9.917186
-0.031609 1.234866 9.799041
-0.068518 1.264666 9.801019
-0.110437 1.340488 9.790494
0.029592 1.336602 9.997999
0.148879 1.310557 10.067353
0.156666 1.316071 9.873248
-0.150272 1.264355 9.879976
-0.354562 1.189961 10.144089
-0.399834 1.259424 10.001807
-0.115569 1.319386 10.004057
0.088007 1.353145 9.770969
0.038078 1.266529 10.044471
-0.006002 1.242481 9.785969
0.073811 1.222251 9.762619
-0.073159 1.219066 9.784577
-0.048954 1.308515 9.680563
0.034216 1.308155 10.137424
0.216504 1.275158 10.206965
0.160571 1.291468 9.953209
-0.045780 1.282315 9.595776
-0.367808 1.145633 10.117315
-0.467727 1.177662 10.120512
-0.216803 1.324960 9.890168
-0.003619 1.340961 9.932126
0.100802 1.248475 10.038946
-0.020082 1.218624 9.937656
-0.082671 1.199864 9.830436
-0.182788 1.159124 9.808228
-0.281517 1.305208 9.571704
-0.110676 1.271559 10.204324
0.177409 1.290169 10.273539
0.288318 1.347185 10.027179
0.095481 1.315028 9.755148
-0.234843 1.180460 10.025092
-0.334264 1.161716 10.125968
-0.179684 1.319804 9.810801
0.074310 1.388585 9.655358
0.099021 1.269954 10.044496
-0.063704 1.219714 9.899641
-0.056378 1.230143 9.813128
-0.195708 1.253148 9.579629
-0.455023 1.283334 9.614097
-0.531432 1.269321 10.212342
0.069699 1.265859 10.428941
0.320903 1.340920 10.118100
0.357232 1.374691 9.788803
-0.035477 1.229519 9.781738
-0.304702 1.099875 10.378422
-0.099671 1.333688 9.602944
0.088173 1.409645 9.740202
0.094057 1.337189 9.748914
-0.070379 1.233514 10.047556
-0.151287 1.230191 9.765016
-0.111843 1.242986 9.912659
-0.206618 1.254007 9.745928
-0.309246 1.255461 10.065095
-0.181838 1.262739 10.145186
0.052754 1.290033 10.102891
0.154091 1.342613 9.723886
-0.066396 1.279118 9.661824
-0.260538 1.098077 10.290067
-0.286581 1.188544 10.100534
-0.162491 1.334445 9.847351
-0.110179 1.326490 9.900038
-0.023376 1.262266 9.993704
-0.067110 1.231379 9.836489
-0.044932 1.206949 9.776667
-0.023995 1.182490 9.788367
-0.022390 1.170613 10.046396
-0.087973 1.298221 9.864361
-0.066006 1.284439 10.168395
-0.030584 1.256686 10.073600
-0.005446 1.249656 9.915863
-0.173454 1.277795 9.636938
-0.217480 1.173495 10.156226
-0.263296 1.180722 10.256256
-0.118593 1.319666 9.824134
-0.021370 1.305648 9.834315
-0.045406 1.266008 9.898421
0.076549 1.217630 9.765089
0.049378 1.192981 9.880478
0.168549 1.176393 9.951227
0.148952 1.259840 9.783995
-0.064142 1.280943 9.909231
-0.056997 1.242091 10.218557
-0.056681 1.263249 9.983090
-0.062194 1.253560 9.808368
-0.253901 1.197774 9.771826
-0.385923 1.133238 10.159357
-0.299153 1.231331 10.029389
0.001037 1.351679 9.920335
0.114469 1.357493 9.930505
0.170771 1.338892 9.917471
0.067303 1.267638 9.817459
0.000237 1.184870 9.929786
0.017445 1.204762 9.875771
0.015835 1.271872 9.727775
-0.133745 1.300987 9.762386
-0.166059 1.233149 10.214367
-0.008454 1.258497 10.064798
0.043067 1.334842 9.734375
-0.048327 1.288589 9.781768
-0.362000 1.178738 10.224737
-0.230645 1.239924 10.162179
-0.000932 1.398242 9.816188
0.065368 1.360282 9.834128
0.065585 1.267129 9.939996
-0.003193 1.211379 9.838415
-0.082173 1.153626 9.793500
-0.056160 1.152230 9.868662
-0.233954 1.292531 9.515509
-0.250938 1.318568 10.038475
-0.270846 1.208220 10.430728
-0.016720 1.243091 10.304141
-0.052486 1.329212 9.726525
-0.221215 1.249013 9.929531
-0.335485 1.181298 10.166623
-0.205137 1.259607 9.994750
0.058476 1.392466 9.671150
0.083046 1.324004 9.881630
0.105403 1.236722 9.964426
0.043518 1.211120 9.872420
0.000705 1.250774 9.697906
-0.027799 1.250225 9.632373
-0.240313 1.253944 9.976195
-0.282324 1.315873 9.918481
-0.066547 1.304906 10.286654
0.106114 1.337313 9.956386
0.068907 1.324031 9.764680
-0.226373 1.253001 9.894454
-0.368277 1.185094 10.128108
-0.244903 1.309047 9.857588
0.005472 1.394988 9.826081
0.238314 1.352038 9.893939
0.124154 1.235554 10.064657
0.003526 1.250545 9.712338
-0.026893 1.175748 9.807327
-0.245099 1.201342 9.792210
-0.291088 1.263535 9.837259
-0.230163 1.212573 10.256233
0.060663 1.289993 10.036710
0.050084 1.341894 9.721653
-0.175703 1.242408 9.807356
-0.402686 1.109917 10.344851
-0.400537 1.231917 10.174184
-0.066953 1.318792 9.913881
0.036500 1.305875 9.914021
0.053118 1.251137 9.822352
-0.063523 1.157030 9.890752
-0.109803 1.169441 9.812048
-0.155154 1.181040 9.568456
-0.252032 1.190598 10.021334
-0.180412 1.207588 10.243002
0.065200 1.250319 10.217265
0.215495 1.348087 9.832049
0.000365 1.293161 9.650819
-0.317021 1.085105 10.208373
-0.280048 1.116560 10.099269
-0.011258 1.262184 9.853008
0.104852 1.303682 9.639061
0.169454 1.238160 9.775175
0.058387 1.190462 9.830745
-0.018685 1.196066 10.015743
-0.119128 1.207723 9.964996
-0.356756 1.262053 10.022954
-0.481513 1.254146 10.157697
-0.310198 1.208808 10.322751
0.034770 1.255878 10.010618
0.147578 1.283956 9.537111
-0.016604 1.162042 9.798745
-0.137356 1.072970 10.169367
-0.026518 1.229178 9.893501
0.118971 1.351163 9.722493
0.131866 1.346669 9.743679
0.087618 1.229553 10.076847
-0.069668 1.204099 9.833119
-0.120251 1.153849 10.045392
-0.286656 1.201029 9.771118
-0.422900 1.264699 9.900302
-0.349316 1.256414 10.204473
-0.072662 1.250139 10.209870
0.099719 1.314037 9.880805
0.070048 1.285566 9.704321
-0.143474 1.111299 10.197065
-0.199879 1.169347 10.093321
0.001646 1.293492 9.659933
0.118385 1.280282 9.851639
0.173899 1.226526 9.857206
0.102460 1.162805 9.868900
-0.048033 1.141035 9.813557
-0.120297 1.127240 9.710815
-0.292565 1.161093 9.923650
-0.268586 1.268689 9.965302
-0.180034 1.231581 10.373717
0.090920 1.324109 10.101411
0.183214 1.314964 9.940332
-0.029463 1.182417 10.070604
-0.262939 1.117697 10.097545
-0.199037 1.213905 9.762314
0.026902 1.264006 9.838078
0.175991 1.282351 9.756521
0.172931 1.203163 9.989766
0.102804 1.196985 9.896983
-0.009083 1.181787 9.812869
-0.065997 1.154204 9.918895
-0.198148 1.269596 9.651091
-0.129581 1.268551 10.029788
0.023260 1.247637 10.159150
0.162611 1.265824 9.833381
0.012420 1.196389 9.763947
-0.212912 1.151478 10.003066
-0.287067 1.172263 10.071613
-0.073375 1.247670 10.104104
0.019759 1.332939 9.822591
0.156363 1.216288 10.065988
-0.023713 1.170665 9.921839
-0.042815 1.124051 9.797011
0.020630 1.095706 9.806848
-0.086402 1.167662 9.708557
-0.212686 1.235031 9.758257
-0.111738 1.194073 10.261465
0.008919 1.232146 10.143911
0.138787 1.269364 9.893893
-0.001025 1.197976 9.715434
-0.246107 0.999878 10.283473
-0.037761 1.055883 10.052601
0.080910 1.260015 9.710956
0.105815 1.295062 9.649867
-0.035344 1.141092 10.039874
-0.212961 1.074628 10.137011
-0.182958 1.111755 9.931476
-0.120181 1.085151 9.988658
-0.249768 1.150564 9.988882
-0.243656 1.222536 9.814158
-0.073833 1.153355 10.232641
-0.000515 1.191146 9.922451
-0.001162 1.198437 9.575284
-0.219874 1.087702 10.057653
-0.194347 1.075160 10.178883
0.075399 1.210479 9.892502
0.239229 1.329458 9.667327
0.292604 1.276238 9.849797
0.078108 1.148309 9.948502
-0.072263 1.080838 9.918382
-0.087556 1.054030 9.923970
-0.124406 1.091938 9.841923
-0.269573 1.180382 9.760052
-0.295606 1.156234 10.177666
-0.242492 1.141206 10.351230
-0.023559 1.238438 9.896247
-0.077580 1.195163 9.862225
-0.226775 1.071782 10.154418
-0.292478 1.061236 10.219856
-0.059950 1.196933 9.902884
0.104594 1.258219 9.661105
0.170830 1.180791 9.922819
0.156476 1.115248 9.875427
0.098315 1.122550 9.726282
0.044732 1.108467 9.810108
-0.108423 1.151316 9.848061
-0.208867 1.217745 9.791679
-0.163508 1.219382 10.130612
-0.094292 1.231347 9.940978
-0.112136 1.215258 10.062857
-0.217523 1.204087 9.844724
-0.401776 1.091155 10.327189
-0.321759 1.146183 10.138462
-0.043234 1.259166 9.905658
0.046844 1.243100 9.865297
0.088155 1.144241 10.002932
-0.029114 1.140900 9.913225
0.031866 1.154568 9.734250
-0.136003 1.115072 9.933422
-0.223237 1.194895 9.846281
-0.101245 1.205536 10.123346
0.029142 1.250893 10.031113
0.085519 1.240423 9.863277
-0.080538 1.181490 9.926638
-0.336974 1.092521 10.117639
-0.262450 1.142626 10.049343
-0.065962 1.312674 9.790722
0.027096 1.302520 9.883031
0.044469 1.222695 10.002948
-0.045165 1.192542 10.002222
-0.024575 1.204083 9.789076
-0.042006 1.157913 9.855909
-0.213736 1.252528 9.692055
-0.208857 1.229630 9.984598
-0.047870 1.227231 9.974644
0.091536 1.205088 10.078313
0.085276 1.242181 9.594444
-0.133654 1.083921 10.206463
-0.187193 1.117839 9.996596
0.008658 1.281565 9.758471
0.158870 1.311032 9.853071
0.161559 1.212309 10.037486
-0.010503 1.133849 10.072541
-0.040035 1.111967 9.851821
-0.147421 1.058231 9.816477
-0.393696 1.138896 9.680815
-0.372492 1.179820 9.917013
-0.227559 1.146704 10.313652
0.039693 1.215361 10.088534
0.065618 1.235618 9.871876
-0.156175 1.088456 10.071314
-0.287248 1.044112 10.200919
-0.123883 1.177276 9.957045
0.145777 1.272018 9.728208
0.226626 1.190993 9.873505
0.158576 1.106000 9.868082
0.059671 1.096526 9.779147
-0.021294 1.060120 9.794981
-0.163844 1.114617 9.813304
-0.273323 1.211091 9.799791
-0.226732 1.133893 10.490664
0.038831 1.180752 10.182448
0.183390 1.231020 9.959636
-0.111836 1.177029 9.851872
-0.356876 1.005105 10.280611
-0.320865 1.041998 10.170684
-0.017570 1.195538 9.835551
0.093700 1.223822 9.687992
0.115122 1.153390 9.872917
0.099608 1.102306 9.993557
-0.036150 1.137402 9.721673
0.040883 1.106877 9.814207
-0.046449 1.068365 10.002300
-0.088020 1.157966 9.982264
-0.009587 1.225124 9.961253
0.085933 1.216723 10.030668
0.068114 1.217080 9.782735
-0.210922 1.177597 9.777253
-0.396653 1.045745 10.212344
-0.362160 1.116932 10.230499
-0.131179 1.288047 9.856411
-0.005910 1.279957 10.031868
-0.027395 1.234785 9.998537
0.018872 1.250082 9.823901
-0.041650 1.197198 9.775219
0.028362 1.135008 9.916385
0.019002 1.130392 9.870294
-0.009526 1.183958 9.723866
-0.108862 1.236071 9.685367
-0.082047 1.176217 10.186214
0.109095 1.224406 9.975902
0.055462 1.278410 9.786093
-0.220198 1.163890 10.014782
-0.418082 1.079834 10.265625
-0.234218 1.193849 10.102965
-0.054823 1.269633 9.858733
0.019098 1.215789 9.924270
-0.058979 1.129373 9.976001
-0.062144 1.116976 9.928502
-0.124822 1.128676 9.773736
-0.071563 1.115703 9.893031
-0.142711 1.157552 9.957877
0.027088 1.162887 10.203381
0.109533 1.247967 9.933044
0.014780 1.204974 9.961126
-0.174114 1.129486 10.046285
-0.184713 1.153922 10.046385
-0.087013 1.255942 9.779961
0.046877 1.208861 9.927821
0.023730 1.159463 9.963932
-0.041211 1.161653 9.843680
-0.128615 1.176552 9.783505
-0.169095 1.181680 9.792697
-0.335085 1.160724 9.982120
-0.283309 1.109588 10.310501
-0.049452 1.145244 10.192865
0.101910 1.228587 9.786878
0.113425 1.202614 9.792545
-0.159964 1.090107 10.082163
-0.145954 1.076242 10.162549
0.031665 1.227969 9.772535
0.097975 1.261702 9.710412
0.035670 1.149812 9.844673
-0.179913 1.084991 10.003287
-0.142640 1.174457 9.619936
-0.212970 1.112360 10.049585
-0.296425 1.148194 9.892818
-0.227353 1.149643 10.305615
-0.068885 1.209262 10.012612
0.085914 1.226344 9.896699
-0.055701 1.220500 9.740438
-0.161925 1.106293 10.071143
-0.160203 1.100725 10.209708
0.005846 1.233541 9.830644
0.171151 1.249470 9.838212
0.061290 1.164074 9.917101
-0.072923 1.147409 9.864563
-0.174902 1.156696 9.639926
-0.272617 1.026896 10.141130
-0.327411 1.120656 9.819392
-0.196074 1.178932 10.111880
0.001822 1.194656 10.176754
0.176511 1.213725 9.913247
0.042489 1.180660 9.946714
-0.241836 1.092736 9.954009
-0.325323 1.000779 10.301374
-0.207902 1.176193 9.782049
0.012361 1.208274 9.764766
-0.048100 1.137192 10.029162
-0.050299 1.151104 9.861450
0.000224 1.126331 9.859187
0.036913 1.062837 9.980485
-0.043153 1.096625 9.819426
-0.165683 1.142181 9.838137
-0.109040 1.152747 10.016062
-0.032868 1.139284 10.070232
-0.091736 1.137570 9.713735
-0.306574 1.048512 10.048640
-0.262253 0.996789 10.411422
-0.056144 1.156664 10.009246
0.093695 1.224541 9.894282
0.160299 1.182728 9.873881
0.106363 1.128005 9.851251
0.034881 1.061809 10.047644
0.024816 1.022712 9.897059
-0.082234 1.021930 9.957695
-0.124104 1.101897 9.768848
-0.106374 1.092949 10.010352
0.038327 1.111405 9.947984
-0.028677 1.142536 9.893952
-0.092599 1.099516 9.919085
-0.254185 1.043930 10.217895
-0.130463 1.103832 10.049900
-0.011415 1.202098 9.904254
0.047605 1.210757 9.750978
0.024251 1.122388 9.988458
-0.069367 1.090637 10.007334
-0.067905 1.063976 9.915502
-0.040332 1.025831 9.905251
-0.205985 1.116322 9.699144
-0.244631 1.121219 9.956835
-0.149160 1.090176 10.269365
0.072385 1.167550 9.984447
0.008228 1.203148 9.768548
-0.211884 1.082912 10.004105
-0.375204 0.959965 10.402774
-0.177910 1.164680 9.849131
0.061007 1.244967 9.641497
0.067683 1.147601 9.976452
-0.128882 1.049512 10.002078
-0.086358 1.014019 10.093022
-0.054645 1.065734 9.903902
-0.191285 1.075122 9.860947
-0.175569 1.130082 9.849685
-0.120916 1.125878 10.124300
