1.109559 0.784778 9.463347
-0.072737 1.350995 9.689503
1.371801 0.787466 10.137192
0.289114 1.219958 10.349689
0.451130 1.626162 9.462781
0.471235 1.712107 9.584209
0.647067 1.871985 9.162189
0.802277 1.743756 9.606965
0.598426 1.863339 9.481991
0.798524 1.862942 8.926108
0.727435 1.848736 8.296809
0.535425 1.351486 7.485633
-0.298827 0.460045 6.826327
-0.323312 0.282769 5.021025
0.723816 -0.128032 6.992670
0.611868 4.611619 12.812756
-4.707049 2.650205 12.679449
3.225133 -3.506156 20.679162
0.261364 1.907032 10.490265
-0.376742 0.587612 10.342601
-1.792690 1.150775 8.059605
-0.412278 0.092676 6.782408
-0.062323 -0.432617 6.737861
0.595866 -0.443128 6.937550
3.167055 2.680379 12.696650
-2.842830 5.180286 7.260053
1.166465 -4.570151 20.109784
0.819609 0.036892 13.348743
-0.032553 2.190228 6.500041
1.403605 -1.625979 11.965624
0.703763 -0.327072 7.346304
0.450675 0.486027 5.828249
-1.190886 1.056614 5.799012
-0.626763 -0.390854 6.947477
2.931546 -0.021445 15.190821
-4.304969 5.506427 7.907710
0.593728 -3.915193 14.885041
1.361446 0.447756 12.934528
-3.052649 4.660787 6.637838
-1.080298 -0.063143 12.206570
-0.444601 -0.537156 9.221241
0.151005 -0.770188 6.727387
1.116798 -1.060274 6.669013
2.529111 -0.277360 13.088529
0.276526 3.566876 11.043660
-2.536136 -0.389905 17.880239
1.248072 -0.640455 14.606141
-1.342611 3.862399 5.352935
0.025315 0.913668 8.185006
-0.158881 0.476871 6.996316
-0.279801 1.267021 4.943995
-1.415817 1.467092 4.979648
-0.400721 -0.364214 9.422803
0.089850 3.416792 16.794274
-4.901728 2.759917 10.510706
2.653114 -2.732003 16.552966
-2.453909 4.497258 8.099937
-1.977517 2.138330 9.193984
-0.873478 0.266874 10.616198
-0.640942 1.034672 5.920883
0.117209 0.970235 4.631859
1.098637 -0.017598 6.211432
1.621379 0.327484 11.002585
1.981523 5.416162 14.032297
-2.744253 -0.367143 19.336152
0.635427 -1.681480 18.936661
-2.243098 5.358679 5.258495
-0.442548 1.121943 7.808499
-0.669947 0.828087 6.390578
-0.471993 1.906743 4.166247
-1.234253 1.257992 3.803199
-0.396953 -0.979352 8.038298
3.401778 -1.011920 14.169616
-3.390295 7.484684 11.830546
0.457054 -1.721396 17.578744
-0.602864 1.743128 15.854522
-1.163415 2.452277 7.961174
-0.010701 0.360032 8.845687
-0.416989 0.568331 5.496573
-0.426188 0.475401 4.130260
0.242925 0.204833 4.666420
0.156092 0.669652 6.629268
2.414876 1.285530 15.070115
-0.110911 7.185022 10.868407
-0.642542 -2.822568 22.729778
1.113920 -0.545361 17.016225
-2.008890 4.051351 5.020965
1.008456 -0.241425 9.219653
-0.431049 0.547309 5.179939
-2.201849 1.038858 3.980098
-0.578663 -0.388012 4.183912
1.429017 -0.443197 5.022525
4.779266 1.322082 13.230078
2.081396 3.448500 18.005752
2.356719 2.372081 17.754693
-2.014964 3.740633 11.783305
-3.636211 2.841145 11.527877
-1.094195 0.492246 8.624292
-0.567266 1.556050 6.949683
-0.300938 1.594476 8.240312
