-0.932784 1.794241 15.162123
-1.420227 1.472174 17.650451
1.695108 3.481036 5.854821
-2.761235 1.393347 7.665664
-3.535962 1.287200 7.374241
-4.083596 1.451996 5.420159
-4.330504 3.140919 14.283687
-4.246722 1.930217 15.805945
-2.017857 1.002727 16.238940
-1.087851 0.294608 9.048695
0.841710 -1.897483 6.650890
2.967693 -0.664715 1.460596
2.361425 -0.501849 3.685897
0.023725 -1.538190 13.262489
-0.165271 1.721901 9.393107
2.140928 -1.384734 16.079843
-0.509647 0.572127 14.979487
-0.543651 3.441535 3.748192
-6.254087 2.530182 7.207674
-6.075844 2.320577 4.949573
-6.097349 0.419336 12.487697
-2.843906 1.993037 17.890225
1.657830 -2.310578 19.298096
1.101057 -1.988037 17.642014
4.026457 -2.384088 0.955615
0.069817 -4.188946 8.926516
2.738638 0.168895 -1.661733
1.018038 -1.641936 7.536089
-1.323681 -1.470909 8.943183
0.320631 4.904063 7.422954
-3.572282 -0.733775 19.707441
-2.368301 2.285072 13.044725
1.969566 3.899688 6.747942
-1.744500 2.443265 8.165813
-4.020976 2.028786 5.810170
-4.872019 1.231638 10.538849
-6.425845 2.986452 16.801894
-1.266151 1.040734 13.494950
-1.656499 -0.335535 16.311228
0.685608 -1.886209 5.026687
1.561494 -2.587117 3.251955
4.883895 -0.981515 -0.654762
2.909582 -3.209178 7.998868
0.359703 0.053424 18.685443
3.158905 3.334395 10.031121
-5.369940 -0.700730 20.394429
-0.848826 4.026061 10.916323
-1.392064 6.396307 5.160627
-5.122660 4.557823 8.300364
-7.970572 1.110581 7.080762
-1.582898 -1.019886 13.610807
-0.543532 -0.199605 16.386834
-0.237799 3.472604 7.771394
0.605645 -0.427982 16.328167
1.413874 -1.057971 9.043603
1.962003 -0.721444 4.247955
4.909093 0.028676 -0.133429
2.270258 -1.877782 3.175321
3.230867 -0.705703 14.665668
4.196800 4.084783 12.194063
-3.181625 0.079363 27.540764
2.265483 4.718230 9.705808
-1.181513 4.438135 2.937626
-3.087820 3.664412 2.374225
-5.627009 2.194183 3.403852
-6.353055 0.503902 10.041420
-6.919420 1.876648 20.635348
1.722154 0.887270 18.483769
0.189136 0.182422 14.629730
2.244530 -1.223579 2.772866
0.945974 -2.385739 7.472188
7.469687 1.078241 -2.395611
3.230849 -3.194011 3.636521
1.444358 -3.883336 15.606939
3.111576 5.094875 12.400604
-0.833453 3.742724 16.056024
-4.342150 3.296102 18.155365
-0.860874 5.082669 2.343602
-3.426433 3.031431 1.584717
-5.328208 1.738805 3.932407
-6.202305 2.376343 15.024495
0.143893 4.422444 20.798333
1.096474 0.738454 21.914490
2.758538 0.707907 3.670622
3.934877 -3.156402 7.573695
5.103877 -0.020723 -1.879556
5.267229 -0.995975 -1.676956
1.378150 -3.596086 9.574394
5.201365 1.135008 17.830105
1.523240 3.980086 11.307255
-3.390043 1.739275 27.390594
0.585296 6.957652 5.500974
-2.039968 5.022825 6.039690
-4.439037 3.713761 2.679649
-5.654616 0.900748 10.292680
-4.146227 2.347822 14.730410
-1.475587 4.473704 13.509514
1.833494 0.047517 20.256664
1.497570 0.363181 4.619400
4.265997 -2.161421 3.151194
4.597188 -0.441925 -5.704145
3.649978 -3.040784 3.443970
6.767816 -1.295047 16.537628
4.889327 0.953193 14.588883
-2.990753 -0.549686 28.283638
-0.777632 5.681191 11.039979
-2.529941 5.608228 3.391671
-3.921459 5.269536 3.192723
-7.060285 2.480410 8.183998
-5.223566 0.828889 15.638080
1.330147 3.573249 16.317262
0.482828 -0.333043 19.997311
-0.990535 -0.229283 9.234828
1.137478 -2.460321 4.488316
2.284801 -2.809825 4.330003
5.099845 -0.930432 -0.590624
3.513077 -2.731684 7.683962
2.249243 0.371915 15.346125
-0.005327 3.450383 7.354728
-5.881688 1.151606 23.264401
1.902084 6.320327 8.165389
-3.122675 3.657161 6.586899
-5.847131 4.096875 3.454899
-4.041493 2.914880 5.506937
-6.158466 3.111876 16.304744
-3.799773 4.847504 17.734008
-1.391916 2.110276 17.343308
-0.939681 0.322197 7.688067
2.321456 -3.566539 3.250443
3.596432 -1.585389 -0.738225
5.132490 -1.781336 0.013201
3.722544 -2.997723 14.115663
5.835765 2.259851 14.691105
-1.664499 1.448958 20.553275
-1.449742 4.778664 21.033059
0.558309 6.408167 3.252005
-4.243113 3.953587 5.436147
-4.013689 4.644013 3.547976
-2.825991 2.321444 13.977315
-2.573697 3.242905 18.456936
1.729876 2.190593 13.707683
0.606315 1.621227 11.458126
0.670809 -0.481317 3.552455
0.361245 -2.175256 6.067739
5.245502 0.752705 -5.179126
3.343787 -3.552599 6.161448
2.084258 -1.906671 18.717213
4.957035 4.149326 6.755560
-3.592909 -0.478792 34.213859
2.771666 7.990188 7.356991
-2.101874 4.997013 4.015394
-5.782270 3.083184 1.298338
-5.644959 1.870871 4.912070
-7.517791 2.633800 17.788390
-1.357349 4.641950 19.593761
3.133918 0.629931 17.860653
1.856538 0.358964 5.366913
3.331216 -3.845396 6.232734
4.609638 -1.574846 1.254342
6.421083 -1.069351 -4.509863
1.119825 -3.694300 9.822298
1.664737 1.273350 13.917733
2.623650 1.958467 16.986396
-6.487744 1.425121 30.511132
2.062305 7.670445 6.576908
-2.967015 7.061347 6.106020
-6.382420 6.853072 4.720912
-4.732700 3.801275 10.132551
-3.735613 -0.025283 15.767815
-0.331424 0.215263 10.733971
0.659337 0.691721 14.572590
2.126104 0.717294 5.556168
1.075730 -2.059939 8.549581
2.629940 -0.661480 2.978134
3.187972 0.279684 3.593777
3.466209 -1.266756 12.016124
2.632338 2.635068 11.174655
2.350122 3.162419 13.684812
-1.316861 3.036964 20.603625
-0.171554 7.067591 3.076642
-2.587229 4.234101 8.839538
-4.064992 3.409554 1.930991
-4.819199 1.517206 11.743582
-1.586227 5.012417 11.441291
-0.652982 1.737921 13.105009
-0.025192 -0.667112 16.565490
1.618696 -0.044773 3.784219
2.184491 -2.280887 8.121502
5.412274 -0.013876 1.499427
4.524877 -2.076459 5.111122
1.056310 -2.333105 13.594564
2.289531 4.508762 7.861678
-2.124870 -0.953952 25.552166
2.231427 3.787514 14.994760
-0.154180 4.700843 2.875430
-2.616236 2.999227 5.915275
-4.008130 3.151216 3.501753
-3.656725 2.147050 11.878550
-4.165653 3.062028 22.957530
1.562666 -0.428694 18.225672
1.216342 0.059596 12.241448
4.305337 -2.782285 2.501723
2.902271 -4.198285 4.448757
6.581700 -1.385220 -4.262283
2.893765 -2.994452 6.065941
2.704897 -1.329854 15.927806
3.065949 1.411688 16.385263
-4.261091 0.445570 23.496522
-2.836836 4.677436 15.255237
-2.036863 5.894465 1.210653
-5.282859 3.280616 3.267872
-6.273557 2.137526 1.118740
-5.803592 1.282219 13.090824
-5.081774 3.236413 23.277013
0.140430 2.423345 20.090542
2.013708 1.812664 9.735211
2.281079 -1.914516 3.772928
3.085142 -3.923576 3.699059
6.626699 -1.013544 -6.182464
3.825885 -4.129164 3.974677
3.500849 -2.323737 15.344930
6.327638 2.895409 12.124618
-3.613021 -0.076626 28.377209
-3.127396 5.643699 14.648496
-3.326557 5.215714 4.906093
-6.920614 3.319392 4.236783
-6.495923 2.703462 3.900829
-5.475414 2.554696 18.683273
-2.127495 3.629283 22.734993
-0.507898 -0.101522 20.262339
2.377898 -1.102032 4.514443
2.603128 -4.295646 4.932095
4.819816 -2.952239 -0.517002
5.895609 -2.219657 -5.024055
1.777439 -4.887701 9.368550
4.549460 1.418093 15.633371
4.809290 1.360910 17.075663
-8.209450 0.846078 33.793325
-2.273360 7.054714 4.727344
-5.118859 4.863106 5.562656
-5.278609 3.276278 1.479913
-4.420831 1.606937 8.310363
-2.718671 1.884529 16.942940
-1.774381 3.831292 16.615493
0.802732 0.821679 16.546786
-0.616463 -0.116985 5.152944
1.664781 -2.026566 4.688123
2.590664 -0.676386 0.370817
5.073991 -0.223721 2.146632
2.032797 -1.581017 17.703023
4.250958 4.171967 11.134367
-0.202488 1.954515 14.751049
-5.514241 0.984630 23.165379
-0.175320 5.122211 4.180232
-2.413520 3.886085 4.378195
-4.234474 3.429607 0.960715
-5.456595 2.286488 8.062963
-5.533755 4.333101 18.324679
-0.392690 3.224452 16.243079
-2.406774 -0.213459 19.996415
0.350132 -1.580199 4.171148
2.927451 -3.394883 3.826581
6.650650 -0.200557 -7.178083
2.663134 -3.100132 4.728991
2.830172 -3.897483 13.429234
7.692485 2.837330 9.701486
-2.977350 -2.585554 26.756333
-4.094981 4.032743 22.921773
-1.190767 6.525273 6.119618
-4.395501 3.668314 4.953351
-6.248453 2.596820 3.202307
-7.436482 0.952323 14.100150
-5.119828 2.313160 21.113676
1.979610 -0.471336 18.947975
0.215454 -1.162306 10.114903
2.595028 -3.718967 2.278666
4.032656 -3.286732 0.494802
7.738383 -1.406632 -4.275228
3.263218 -4.667221 11.436376
3.901112 -0.306353 14.928324
4.231076 3.432268 10.703242
-5.265309 -1.087061 34.371275
1.479319 6.431172 4.046858
-3.101417 4.633554 3.888878
-4.803256 3.241370 2.288663
-5.696152 1.885991 7.317244
-5.588627 1.267115 15.131605
-3.361016 2.838775 18.380826
1.987925 -0.596035 19.319397
1.169007 -1.043131 5.792541
2.163418 -3.031650 5.665189
3.684488 -0.763833 0.101032
5.775361 0.006492 2.975023
3.114075 -2.893422 16.299347
4.733306 3.030223 13.977351
0.233725 3.931449 11.956699
-6.507607 3.052080 24.298393
1.187988 5.685258 2.658238
-2.230698 3.001474 3.786554
-2.950985 1.619401 -1.916813
-4.990159 1.631618 10.899356
-6.821574 4.245175 19.500107
-1.416705 4.806172 11.658397
-1.473814 1.330627 15.882265
0.095569 -0.804558 2.154447
0.697674 -4.206920 6.544309
3.040413 0.008052 -1.847576
4.531727 -0.968215 11.360491
2.937344 0.876051 17.167179
4.306436 4.178772 8.655077
-2.008664 -2.406303 24.840998
-0.385787 4.993847 6.655471
-0.712124 5.167867 -0.651968
-5.801713 2.674476 8.184736
-5.092164 3.603855 5.235631
-5.105754 2.060222 15.642242
-3.038851 4.313420 18.263039
-0.473324 2.009546 18.990048
1.199101 0.843360 11.622463
0.062757 -1.727472 2.371412
1.578985 -3.974788 4.153893
4.396878 -1.077598 -0.758192
4.274628 -1.404327 8.428586
0.462073 0.546327 18.267467
3.752084 6.301086 6.361303
-0.165089 -1.148281 21.958402
1.454465 2.471513 8.145722
-0.803970 4.366435 1.129819
-5.858751 5.066137 8.235619
-6.506778 4.667030 9.590879
-6.683774 2.117036 17.187814
-1.731989 3.468064 13.377399
-3.191746 -0.538705 15.189310
-1.888968 -0.260109 6.780988
-0.151159 -3.440000 5.520902
2.394730 -2.440872 0.179794
4.481388 -0.950150 4.024226
5.184990 -2.884677 14.325728
5.291543 1.834705 14.427038
2.332119 -0.208446 19.676757
-3.564402 0.847266 26.352069
0.479001 5.196391 2.827394
-2.975749 2.693348 2.920722
-3.540867 1.002794 -0.139008
-5.114927 1.350375 5.254731
-7.316650 4.088985 15.805695
-1.846378 4.998738 14.838983
-1.908921 1.473831 20.817347
0.446906 0.238067 2.298270
1.111550 -4.849754 7.701395
3.935848 -1.878608 -2.981374
6.446996 -1.697675 3.402873
1.220241 -3.636293 17.345089
2.634253 4.168027 12.605640
-3.190720 2.850827 15.240799
-5.903206 1.809452 22.304612
0.529511 5.034127 4.496965
-1.661336 4.061189 5.155342
-1.334773 3.892423 0.940674
-4.709601 1.924129 10.602123
-6.902981 3.498555 18.745145
-3.277137 0.355631 17.943572
-2.085205 -1.680085 17.882484
-0.682921 -1.194623 2.024027
0.609658 -4.418193 6.053505
7.841597 0.096725 -0.113466
6.740942 -0.479510 1.690379
2.264671 -2.331194 17.213101
0.373768 4.587254 10.169692
-3.762559 0.197637 20.632818
-4.376688 3.496418 20.465148
1.041051 5.680819 2.414209
-3.484646 3.097190 5.243850
-3.774827 2.310598 0.963408
-3.429913 1.358233 11.876230
-3.987153 2.291502 18.592311
-0.992916 2.864104 12.695757
-2.532660 1.586992 15.509186
-0.290391 1.122363 4.307543
1.143748 -1.951227 7.188149
2.392009 -0.599915 0.777365
5.498833 -0.798821 6.256844
4.327361 -2.646140 17.104936
3.591577 5.077350 10.178972
-2.468603 0.349002 20.201568
-4.511049 0.668864 21.595834
-2.207604 4.581622 -0.726874
-3.961433 2.995582 4.831837
-3.210883 2.418596 3.600826
-4.479846 0.879161 9.109940
-5.009335 2.833600 12.051773
-1.859190 6.274452 16.392308
0.776529 1.963405 20.310584
-2.207329 0.709226 6.849695
0.668749 -3.574687 5.568056
0.089649 -4.079961 7.384332
5.342492 -0.506742 0.023163
2.915787 -2.215163 11.102781
2.398815 0.077271 16.841975
3.487000 4.773188 5.081166
-2.475747 0.400907 22.129086
0.239829 5.436321 9.865700
0.447180 5.558916 3.940351
-2.657590 3.176989 6.025476
-4.527745 1.859630 7.461927
-4.635836 1.530429 13.206876
-2.919968 4.670597 16.007785
2.406932 2.494461 7.923809
-2.962771 -1.213548 15.899653
-0.527880 -2.141253 4.504856
-0.698631 -2.614394 6.140119
3.287117 0.425531 4.104198
3.152628 -0.265797 7.044193
1.320305 -1.698840 15.670185
2.196282 4.893849 7.593508
-0.308933 0.169799 16.731006
-0.215210 3.467894 14.608120
2.336006 6.169567 2.790278
-2.737699 4.667745 7.274262
-4.353575 3.275412 6.321900
-4.642813 1.025970 10.378482
-3.944919 2.557158 14.824197
-1.390280 1.647547 16.447819
-0.897602 0.386811 16.438184
-0.173452 0.166604 4.675157
1.266778 -3.250139 5.139208
3.435519 -1.284072 -1.459669
5.994159 -1.181447 0.859619
2.607508 -4.197161 12.634341
3.825738 -0.318735 14.176470
0.628802 -1.412172 20.593920
-1.599307 1.957501 25.096442
-0.657180 6.418552 4.423900
-5.987454 4.883681 5.801231
-6.014777 4.072596 -0.764148
-5.327110 0.332448 14.308525
-4.552723 0.856632 20.444605
0.327415 0.212772 20.520158
0.874752 -1.441530 18.105597
1.652376 -2.116062 2.366288
1.127111 -4.555612 2.203522
6.308774 -1.116589 -4.059942
5.614403 -1.814213 1.997072
0.741048 -2.536425 18.653043
5.073097 4.767139 9.333533
-1.718212 -1.376753 24.599689
-2.816160 2.917368 22.189931
2.029062 6.160869 -1.206097
-3.309259 3.603728 4.145162
-4.751187 2.007379 1.618877
-6.963062 -0.429224 11.133165
-8.699655 -0.293503 15.451249
-3.046223 -1.791271 13.896520
-4.584864 -2.205202 18.524646
1.058641 -0.014924 4.747897
2.827173 -2.439788 7.210389
5.027836 -0.726082 2.834585
7.217942 0.361190 -1.938692
2.966432 -2.377659 12.309325
3.459749 1.883252 16.985445
2.566282 3.396014 14.628250
-1.237440 -0.790133 27.821825
0.072583 3.155640 5.619593
-1.698528 3.434682 2.668876
-3.490585 2.310362 4.940652
-6.492356 2.411638 10.706895
-2.456706 1.455554 18.013374
3.074207 4.748199 4.671154
-3.246987 1.026482 18.378154
-0.741162 0.674912 4.748639
-0.051319 -2.835346 10.558591
4.126943 -1.483390 0.178116
4.391295 0.394990 2.811467
3.115318 -0.724996 12.159750
2.912870 1.441699 17.306343
-0.183588 7.251540 3.905908
-5.145920 -0.417645 26.621252
3.489847 4.973825 9.842858
0.014941 5.410537 2.436372
-1.759105 3.324845 2.731902
-4.700595 2.202818 1.262388
-5.572494 1.429386 17.350150
-1.257971 4.654310 17.383729
-2.979709 3.269750 13.677892
-1.903013 1.963512 5.941172
-0.039034 -2.672021 9.383910
2.967988 -0.602804 2.413820
6.158015 -0.935607 2.916946
3.001867 -4.844752 8.365627
5.918251 0.045080 15.377460
0.717028 1.771713 13.237297
-4.757183 2.451056 28.360981
0.949230 7.239646 6.659987
-3.508188 5.104778 8.827643
-3.013767 3.669638 5.121784
-5.462283 3.012790 2.978110
-5.783132 2.233287 11.042351
-2.550264 5.765449 13.251520
0.386317 1.809323 12.096312
-1.890062 -1.395478 12.730534
