-0.406367 1.852114 9.497425
0.167358 1.448289 9.888919
-0.499806 1.799724 10.258826
-0.120680 1.770714 9.782770
-0.308592 1.953302 9.554239
-0.293683 2.067141 9.391005
-0.059007 1.967175 9.799874
-0.141167 2.284335 9.827359
0.303358 2.560901 10.842315
0.083853 2.917520 12.004962
0.288622 3.156762 12.486013
0.295728 2.015064 13.000408
1.162643 -0.471642 14.659813
1.289345 -0.311740 10.054175
0.030145 0.289496 7.962584
-0.838735 0.899184 6.276275
-0.324839 0.462820 6.175975
-0.263639 0.623084 6.429956
-0.168259 1.132431 8.447544
-0.217081 1.036792 10.918148
0.711547 1.086335 10.789926
0.263681 1.355707 11.783175
0.654558 1.058797 13.152804
-0.923342 1.039477 13.887726
-2.112371 0.595301 11.307892
-1.482446 -1.792540 13.951024
-1.164990 0.106587 9.030833
-1.220337 -0.020437 9.107934
-0.115040 -1.028975 8.892315
-0.275683 0.180903 5.499242
0.037544 0.336693 5.448717
-0.154759 0.623998 7.785848
-1.313102 0.806017 10.391574
-1.548213 1.314220 10.998432
-1.809641 1.865648 10.531167
-0.383441 1.178301 12.400976
0.020731 1.585736 11.596808
-1.206445 -0.069536 12.937500
-0.449226 -0.080104 9.907484
-1.517316 -0.154077 8.775394
-1.329537 -0.336305 8.239147
-0.336997 0.223674 6.915654
-0.089219 0.890904 6.732428
-0.547432 0.818495 9.506474
-0.993438 0.157634 11.975619
-0.129938 -0.367204 12.228934
-0.368554 0.527040 11.599563
-0.474267 0.408904 13.122398
-1.991096 0.613127 13.039232
-2.145659 -1.799140 14.266462
-0.948454 -0.523964 10.270046
-3.100477 0.986231 5.806811
-1.756581 -0.320461 8.112033
-1.063731 0.458612 5.529211
-0.667940 0.518705 6.705032
-1.123029 1.079381 8.803913
-1.224526 1.181479 10.320244
-0.957415 1.546016 7.837540
-0.728881 0.914429 9.811221
0.596048 0.621526 11.857100
-0.803252 2.101212 13.194398
0.244502 0.749570 14.938430
-0.201686 -0.383035 13.655161
0.359981 -0.758650 10.675298
-0.775236 -0.064815 7.456786
-1.673045 0.313157 7.302355
-0.837088 0.479114 6.016067
0.153078 1.246948 6.632801
-0.817182 0.978309 9.958815
-0.669679 0.368383 10.438262
-0.633978 0.086666 11.524887
-0.136587 0.198327 11.684348
-1.058378 0.138629 13.168719
-3.722998 0.260567 12.414105
-2.638136 -0.937558 13.614353
-2.250946 0.453335 8.870218
-1.773647 -0.047330 8.479847
-0.554412 -0.316569 7.420872
-0.454324 0.691969 5.319213
0.150803 0.596542 7.561452
-0.840918 0.804277 10.136703
-0.335543 0.952882 10.123829
-0.799843 1.395683 8.690933
0.009339 0.406415 11.791816
-0.090225 0.690635 12.882655
-0.274790 1.167559 14.653774
0.372509 -0.162259 12.465826
1.255157 -0.267688 9.997815
0.294993 -1.634624 10.594935
-0.855397 -1.251346 8.122795
-0.410789 -0.295512 5.666461
-0.226077 1.133316 6.013844
-0.458718 1.409459 10.002402
-0.868107 1.590531 8.171439
-0.614549 0.615950 10.354044
-0.002653 -0.027357 12.113060
-1.720230 0.179401 14.012947
-2.125128 -1.555756 15.880573
-1.647237 -0.870686 11.199493
-2.207408 0.372370 7.110217
