0.608349 1.145353 8.642754
-0.172132 1.186722 9.779542
0.695186 0.858049 10.273306
-0.068414 1.475490 9.912596
0.277742 1.720101 9.256282
0.198606 1.458872 10.036477
0.499114 1.235427 9.831534
0.469150 1.311408 9.646063
0.518383 1.254115 9.178540
0.044781 1.357207 8.945324
-0.478045 1.302854 8.359359
-0.888681 1.665226 6.849062
-0.054222 1.554264 6.305099
0.688430 1.393550 7.307711
0.605274 -0.707344 10.223153
2.214595 1.955123 12.085182
-0.169935 3.724453 9.087505
3.669063 -7.554055 20.589583
0.837195 0.361446 12.441360
-0.341337 0.814648 9.314768
-0.980485 0.645678 9.954446
-1.744239 1.364093 6.676785
-0.374546 0.446336 6.027652
0.362743 -0.118139 6.143284
0.046205 -0.078178 7.575214
-0.481247 0.407721 10.243680
1.069247 0.591843 15.469734
0.360274 6.513776 9.095523
-2.059167 0.416184 14.467797
1.614309 -1.966079 15.982898
-1.761773 3.823208 4.086398
0.060015 -0.048396 7.762300
0.130810 -0.186956 6.291927
-0.432704 0.977093 4.527082
-0.664848 1.230191 4.131883
3.192105 -0.352765 11.530239
-6.957283 6.261084 17.159611
0.947770 -3.620471 20.326910
-2.392203 4.453036 12.329411
-3.929090 5.326049 7.770405
-2.347878 2.377221 10.299266
-1.079502 1.257186 7.934217
0.189490 -0.010651 6.681020
1.075483 -1.297721 6.373079
0.537020 -0.555410 6.134401
-0.256512 0.957313 7.655717
2.464466 3.377066 15.059114
-0.696805 2.583293 11.607234
0.007025 -2.129420 19.689891
-0.429131 1.873640 8.137509
-0.579223 3.051726 5.681531
-0.315676 1.114412 10.644269
-0.619056 3.098887 8.020185
-0.865245 1.715921 9.087123
0.140390 -1.214626 10.531493
-0.073059 0.078463 6.291635
-0.288039 0.800189 5.892116
1.435751 -0.474502 12.291881
1.495948 5.370375 10.180868
-2.763795 2.172034 15.357107
0.784620 3.119452 14.491244
-2.382938 4.343212 8.141007
-1.296185 1.755365 10.328575
-1.270958 1.611004 7.446409
-0.602241 0.780489 6.663052
0.458635 -0.468878 6.558997
0.416967 0.584299 5.098882
-0.008023 1.860774 6.121453
0.728535 0.633996 11.106394
4.190100 3.030430 16.339523
-1.421442 1.908312 14.210894
-0.231838 -0.943584 21.649076
-1.891508 4.485010 6.013919
-1.127594 2.036004 7.496592
-1.792396 0.660504 9.460716
-1.919812 2.619623 6.687263
-2.056843 2.606111 5.995626
-1.847671 0.931101 7.389558
-0.293852 -0.202991 7.091872
-0.443540 -0.809599 10.433702
0.400828 5.943250 13.948374
-5.667973 4.855280 5.801788
2.816366 -2.790161 18.437050
-2.457858 6.171431 9.412896
-1.474228 1.985511 9.981441
0.010572 -0.341168 9.999939
0.275094 0.318750 6.015963
1.401038 -0.358344 5.586609
1.970366 0.085591 4.643504
1.720292 0.321309 9.864121
1.649163 6.018737 16.697510
-1.810549 1.417403 13.993581
2.634057 -2.135782 20.557259
-0.709412 4.111001 6.086424
0.921564 1.256807 6.587593
-0.347773 0.515324 7.493443
-1.503243 2.163571 4.357920
-0.949464 1.999452 4.215670
1.386064 0.028192 7.430617
2.400191 2.329236 17.351104
