-1.909383 2.717332 8.376548
-2.929982 1.818008 9.765503
-2.975876 0.198290 8.936371
-4.461019 1.969691 15.283334
-3.923767 3.111543 8.629799
-1.477289 1.222695 11.627356
0.212332 -0.327752 8.537732
-0.060563 -1.857604 9.548488
2.773553 0.401425 3.379542
0.207839 0.493738 1.806507
0.009349 -1.476053 14.006177
-1.632330 4.747030 15.337073
-0.694877 3.404374 5.236055
-2.523387 -1.481390 27.569213
0.901419 4.404926 0.932838
-0.983268 2.333599 10.099140
-0.840581 2.188122 6.582999
-2.305357 1.977133 7.896777
-2.878089 4.259939 14.583755
0.463765 3.554160 9.270933
-3.641350 2.904770 12.536893
0.982956 0.821465 7.335309
-0.654638 -2.437695 9.833279
2.375352 -0.110033 4.129903
0.993312 0.129082 3.663256
-0.441634 -0.982022 14.700161
0.112535 4.875732 9.190076
1.364900 2.308759 15.534847
-1.604201 0.912507 17.342790
-0.547923 2.801279 5.159916
-0.956859 2.341778 9.866973
-1.692629 2.040211 7.336093
-3.112671 1.199763 7.922697
-3.062335 2.941100 15.625247
0.074928 4.756582 9.281961
-3.291311 2.875051 13.796260
-0.363041 0.196525 6.345836
-0.385441 -2.010522 8.020352
2.279234 0.127961 2.260889
0.751504 0.132133 4.779056
-2.039333 -1.369058 15.155440
-2.049586 4.231625 13.479945
-2.130211 5.959171 8.186826
-2.046458 1.365528 18.298193
-0.883830 3.645991 6.202494
-0.142963 3.664700 6.975430
-0.500356 2.560555 8.125301
-3.711450 1.471113 5.669103
-4.395691 3.246264 11.820610
-1.624877 5.032916 10.994317
-3.948670 3.544842 10.996527
-0.908411 1.187168 9.595775
-0.542301 -0.789322 8.815711
1.089426 0.005363 6.026960
-0.221615 -0.139139 4.091334
-0.504094 -0.778445 18.561866
1.250330 4.012937 8.503922
-0.806387 4.064698 11.951754
-0.941084 1.968859 14.339346
0.454546 2.792114 10.211072
0.032180 3.731716 5.357130
-1.385402 2.720575 4.634958
-2.603096 1.553498 5.841721
-5.812573 3.633933 12.229395
-2.740586 5.949654 11.918720
-3.004455 2.883625 12.489921
-1.727773 -0.331572 12.295522
-1.283049 -2.684977 6.783939
0.902748 -1.398878 6.072770
2.525789 0.487492 0.251900
0.206308 -1.147651 14.099418
-0.692594 3.594068 13.979330
-2.692686 5.748127 11.255494
-0.718863 1.096781 19.627928
0.061660 2.178391 10.503898
-0.175985 3.319269 4.931175
-2.007237 2.135419 5.202065
-5.024014 0.815508 7.518812
-8.326019 2.946550 15.271028
-2.835506 5.273981 7.745768
-4.898926 2.695825 11.322076
-1.036914 0.673970 6.873245
-1.122219 -2.581017 8.289635
1.076033 0.182241 5.596953
2.224558 0.705934 3.498017
-1.845211 -1.459774 17.958310
-2.046866 3.860412 8.942878
-1.250282 3.812024 10.625768
-0.618696 0.344207 17.020525
0.022466 2.243658 10.479968
-0.431418 2.672619 8.652905
-3.512095 2.693486 4.423722
-3.965385 1.646077 5.405539
-6.601438 3.837616 8.874338
-3.891186 5.266698 11.746133
-4.600910 3.627857 13.444696
-1.268478 0.454213 14.905301
-0.635543 -1.008374 9.448211
3.445568 0.013272 6.268947
3.432448 1.240486 0.219039
0.628088 -1.093357 7.821072
-2.665752 0.672659 14.675960
-3.090555 7.945431 5.653557
-3.542492 0.595374 23.584796
-2.823467 3.035793 14.182118
0.265375 3.997805 0.037789
-1.288061 2.035507 9.722883
-3.302940 1.697994 4.700277
-4.242982 1.460821 7.834858
-6.590069 4.312051 13.617356
-1.521683 5.459068 10.561651
-3.391541 2.385469 15.054189
-0.416708 0.475959 9.356371
-1.330407 -0.832406 10.327908
2.290546 1.063812 4.978692
0.907604 0.970962 1.817842
-1.065270 -1.492891 16.528024
-2.361245 5.053604 10.483685
-0.233034 4.505915 7.190139
-5.836576 0.493681 23.462742
0.645928 4.213620 3.341070
-1.051338 3.521025 6.314340
-1.756493 1.854163 7.505833
-4.590563 1.072881 7.805808
-4.879079 3.535778 11.091031
-3.098191 4.711267 13.388763
-3.108937 3.392470 11.965672
-1.947548 0.834751 12.226161
-0.872628 -0.901809 7.880148
1.858289 0.208426 3.797713
1.952602 0.550851 1.717901
0.225282 -1.080528 15.617971
-0.508273 5.828548 12.265059
2.440895 3.335097 8.093919
-5.022554 -0.037744 25.531090
2.384664 4.079523 1.992433
-0.302605 2.787897 1.858409
-0.658880 0.785728 4.524469
-4.324938 1.725112 5.438244
-8.002606 5.242509 16.994036
-2.919739 5.298684 7.940915
-5.103455 3.186005 14.200062
-0.559199 1.006638 7.885966
0.589997 -1.314287 11.747894
3.645733 0.638646 3.834913
0.600015 -0.273606 6.767901
0.511407 -1.082383 15.019825
0.669631 4.984987 8.504519
-1.291150 1.957662 14.215407
-4.833903 1.759719 17.851385
3.880489 3.907916 5.165833
-1.086124 3.700443 6.140761
-3.213441 1.763355 8.698038
-4.766933 1.417347 8.052398
-5.096799 3.653019 14.949932
-0.246762 3.958480 8.601438
-1.819913 1.605160 13.392426
-0.997063 0.027270 5.485917
-0.492375 -2.175213 10.404889
2.339769 -0.093131 1.472531
1.438768 -0.310275 3.623067
1.045632 -0.639610 16.680893
1.735914 7.271971 10.878503
-0.559520 2.457584 10.096914
-6.396730 0.248108 24.553807
1.595673 4.484514 -2.442361
-0.635426 2.724558 5.510900
-2.761572 0.989314 9.253833
-4.686328 0.511007 9.673022
-5.608253 3.515071 14.930463
-1.929727 5.457741 7.233249
-4.415050 2.870982 13.668657
-0.869270 0.949781 5.306623
0.097582 -2.169855 9.901382
3.330852 0.016104 4.130599
3.132067 1.045887 2.073076
0.552368 -1.812474 16.596134
0.558341 4.948846 11.329375
-1.354865 4.156768 10.888890
-3.128029 -0.346795 25.483032
1.212508 4.132820 2.520110
-1.053073 3.766005 9.903332
-0.698482 3.783808 6.919790
-4.355652 3.807228 8.346084
-3.983853 5.452608 11.048828
-0.639380 4.020036 9.658853
-2.643919 2.228948 13.169175
0.644760 0.259131 2.818041
-0.998616 -2.166587 10.337875
2.190166 -0.169453 6.272326
0.023663 0.131469 5.348157
0.066402 -0.559994 15.538739
2.720138 4.926160 10.320238
1.271827 3.318556 7.168135
-2.058028 0.446600 20.066670
-1.040085 5.033405 3.980948
-2.670721 3.827304 6.367590
-3.171802 2.296457 9.493012
-3.320989 2.103573 6.029553
-3.994721 5.381950 11.217322
-1.620374 3.685507 13.160425
-2.815398 2.652858 15.348681
-0.192142 1.463084 8.953621
1.042373 -0.860227 8.537561
1.425035 0.100967 4.370735
0.689504 -0.018056 2.868087
0.102994 -0.734530 13.937998
3.213758 3.566556 6.142267
-0.022704 -0.212740 12.749327
-2.682187 2.059341 20.266343
0.263864 6.803908 5.637824
-4.708491 4.526101 13.240423
-3.846691 2.839283 6.500976
-4.583428 1.268365 10.324584
-2.287947 4.062062 10.424093
-2.122463 4.875456 7.450141
-0.349304 0.829462 11.244416
-1.614865 -1.242312 6.835976
0.806781 -2.145941 6.673734
2.664202 -0.894065 3.057366
0.447444 -1.752183 6.833442
0.523347 -0.423374 18.391999
2.649157 5.795665 6.021253
-3.673160 -2.313345 23.130815
-2.635561 2.585404 15.887182
0.005159 5.569919 0.736639
-2.664757 4.882298 9.098163
-6.832740 2.966609 6.046014
-4.193876 0.280128 13.863200
-3.159962 3.781316 8.428305
-3.484510 0.956080 12.613661
0.342405 0.223756 8.511223
-0.095876 -2.071834 3.912359
1.421898 -1.765025 9.849768
3.659896 0.552656 1.261687
1.634289 -1.988643 11.635585
-0.846796 1.357885 15.628713
0.245724 4.107837 11.580536
-3.758239 0.339987 22.286930
-0.794616 3.443811 9.789360
-1.515287 3.174929 5.076820
-3.861656 3.315065 5.840617
-6.582396 2.609330 7.654585
-8.230470 2.218972 16.810631
-2.771856 3.910050 12.113670
-3.497146 1.602658 14.952643
0.085944 1.049914 7.625032
0.685224 -1.666303 3.129531
2.507062 -2.167546 6.127957
2.766923 -0.375270 2.382245
1.733291 -1.273352 10.209141
0.747302 1.918231 13.461070
-0.381448 5.473139 6.781483
0.805140 0.838420 19.584205
-2.112181 2.815403 15.691523
1.369291 5.244610 3.550485
-2.653910 4.619315 5.166059
-3.436375 2.779083 6.041307
-4.662970 1.873791 11.221587
-1.864284 4.143057 14.486069
-3.428018 3.935903 12.197747
-2.254806 0.858261 15.994619
-0.158378 0.079001 5.044864
1.352023 -1.508776 8.629442
3.219928 0.407384 0.410261
1.937213 -0.090592 1.492999
0.720093 -0.831955 12.231253
-0.140815 5.224542 12.163431
-0.413192 1.379771 14.587257
0.195855 -0.115253 22.502253
2.311639 2.828474 8.137741
0.578060 3.306594 3.589422
-2.973560 3.301710 4.495001
-3.842660 2.035924 7.781707
-4.391388 2.604288 13.667468
3.380510 4.152011 13.733607
-2.647296 1.758407 14.180854
-1.099039 1.596177 11.493281
0.432728 0.265267 4.466156
4.220839 -0.991120 7.546658
1.546199 0.401921 2.922365
2.510345 -0.737542 8.809782
-0.116099 0.955798 15.615063
-0.474388 5.374158 8.434275
-1.340706 -0.047736 14.149388
-0.372606 1.966558 16.394416
0.474541 4.720564 3.893619
-2.052803 2.760059 7.758553
-3.325304 1.809079 6.236752
-3.857177 1.579840 7.368056
-3.115269 4.228944 14.864044
-2.948507 4.674204 10.893757
-2.142772 3.103275 14.938242
0.571124 1.570278 6.881135
1.692444 -1.593116 8.725585
2.620928 -0.636609 1.811769
2.291260 -0.095590 1.927797
0.853526 -1.660077 16.705235
2.708462 4.602977 10.416349
0.060860 2.582687 7.095483
-3.829358 -0.219917 21.627594
1.705938 4.421924 4.255318
-0.981245 3.562594 7.031245
-2.970514 2.329778 6.105691
-4.616219 1.314758 9.869118
-6.249566 4.100678 15.684498
-0.609342 3.010767 9.268923
-4.199008 -2.072066 19.206418
0.848703 -2.636108 6.782705
1.526551 -2.452242 5.623573
2.730260 -0.444796 5.809224
1.352751 -0.213126 5.595403
1.347993 -2.073885 8.760420
0.006259 2.523856 14.990716
0.277726 3.376595 9.609854
-4.331217 1.242492 27.032920
2.657141 5.932663 7.891602
-0.834959 3.720384 4.313056
-4.782391 1.709499 6.454708
-5.805562 0.824165 6.389202
-6.704219 0.968813 13.084997
-3.394942 3.780723 13.104727
-1.074150 2.329457 13.076168
1.187236 -1.161445 13.210447
-0.279301 -2.767413 4.392627
3.067194 -0.826666 3.944246
3.740539 1.074978 0.063532
1.325926 -2.326839 14.642256
0.277454 1.338298 15.898742
1.922922 3.991309 1.974887
-5.577074 -2.511918 25.721817
2.360477 3.741465 9.033199
-0.102467 4.671140 6.502247
-1.837471 2.812318 7.419939
-5.865852 1.664291 3.881356
-5.561397 2.132751 13.006388
-4.150056 4.559675 16.971000
-2.194892 3.131080 12.784375
-1.977962 -0.022364 14.049167
1.226689 -2.370173 2.411308
2.771647 -2.566501 6.141896
4.494915 -0.890840 -0.701400
1.320422 -2.381981 8.377459
1.808864 0.393937 14.986894
0.971918 4.606449 9.128435
-2.816901 1.578547 19.124362
-0.325161 4.347493 12.747207
-0.683845 6.096279 1.588553
-2.328369 3.062187 10.203601
-5.012575 1.884626 6.919193
-5.121969 0.656127 15.585055
-5.312486 4.423342 16.543716
-0.724793 3.674404 9.250625
-2.571540 0.426197 16.645570
0.222771 -1.516801 4.540993
1.457470 -2.342685 7.347768
3.850202 0.503303 -1.977146
2.158540 -0.765492 4.939511
2.209081 -0.727014 15.339875
1.124023 5.757180 9.992134
0.747100 2.037071 18.977912
-4.265783 2.091161 18.749941
-0.394173 3.948830 2.520816
-1.258712 3.600927 5.166923
-2.897835 2.679437 8.809530
-4.532998 1.279137 7.720890
-5.275027 3.191560 15.404268
-1.635049 4.893644 10.744463
-1.888851 1.003365 16.291496
0.087402 -0.474521 7.622952
0.228577 -2.701582 6.448158
2.397018 -1.137796 4.327691
1.661657 -0.639596 4.281155
1.587251 -1.807718 13.075049
-0.266973 2.923624 15.429685
-0.256191 7.446806 6.505494
-0.143489 3.126254 16.879122
0.240211 3.736235 7.344227
-0.859181 2.756586 5.241662
-3.554330 2.617109 8.736050
-4.406968 2.111705 6.841379
-7.267105 1.924257 15.926526
-3.883777 4.564530 12.803782
-3.104414 2.722881 8.678306
-1.132360 -1.244430 16.449691
1.131212 -3.400852 4.534289
2.097791 -2.680148 6.363266
4.746374 -0.069872 1.184948
3.077946 -2.379744 5.752492
-0.423321 -0.935871 13.630240
1.995863 4.913220 9.300942
-1.799379 1.674939 16.762358
-3.699511 2.119476 18.794272
-0.340095 3.412363 6.903876
-3.546824 2.349112 12.501491
-3.600519 1.815396 7.738770
-5.156240 0.137997 12.804536
-4.382517 1.231693 18.474646
-1.590652 2.577483 9.134261
-1.364044 0.253620 12.149310
0.942882 -1.714921 2.879337
1.726091 -2.327731 10.482260
2.980506 0.152951 -0.980572
0.828536 -1.507270 5.937494
0.966889 -1.724121 13.025630
1.642897 5.307469 9.463373
0.247973 1.719753 11.157754
-3.172648 2.509628 18.007453
0.249023 5.937321 2.778313
-2.541985 3.989859 9.663742
-4.656633 1.967130 7.750826
-4.940416 1.604875 5.692253
-3.987087 3.389097 15.124476
-1.610910 3.821776 13.653785
-0.728381 0.169791 16.440187
-1.158818 -2.000857 9.405332
1.252552 -2.510855 7.591847
3.551929 -0.373941 1.365501
2.334203 -0.610695 1.242821
0.750738 -3.496423 11.052767
3.373429 0.587809 11.892034
-0.828284 1.634712 15.226346
-0.301304 1.989069 18.860287
-0.201805 6.474353 8.747379
-2.511638 4.952356 6.412718
-4.037774 2.420364 6.283510
-5.456806 1.256185 10.406820
-6.473721 2.630216 17.332263
-3.758595 3.906125 12.352847
-2.832024 0.832513 15.325149
0.739683 -0.946874 5.320745
0.635642 -2.590726 4.348957
4.642909 -1.496336 3.270724
0.848838 -1.513109 3.752428
3.525437 -3.690092 10.664295
3.417386 0.552974 11.643026
-0.724278 1.519386 12.783723
-3.047380 1.207113 18.602725
-0.118815 5.065088 14.170897
-2.090536 6.414361 8.264388
-5.566309 2.657680 11.219150
-4.108845 0.405552 5.146550
-3.511440 -0.194508 11.795332
-2.500104 2.088165 12.753283
-0.607078 0.482521 13.469542
-0.927843 -1.356627 13.464671
1.322394 -3.291328 6.901415
3.445512 -1.471304 3.645228
3.421791 -0.377379 -2.266604
1.362611 -3.163396 9.244947
-0.169023 1.168212 16.790279
-0.596191 5.974791 9.532208
-3.851719 0.425910 21.501531
1.613719 4.729745 10.419153
0.120260 5.467536 3.146831
-3.979703 3.933272 6.377731
-4.280267 2.376556 5.218672
-5.653169 0.855235 15.146145
-3.336611 3.274437 12.186246
-3.239893 -0.569935 14.440386
-0.622609 -0.332916 11.656945
0.677683 -1.066118 1.908682
2.635937 -0.841813 7.934379
1.474964 0.706309 -1.111651
0.637162 -2.046874 12.380985
0.091209 1.958989 16.963825
3.405345 4.585081 3.360954
-4.303516 -2.851030 29.758247
-0.148460 3.560317 12.353434
-0.121663 4.047638 3.088656
-1.314975 1.839547 5.683755
-4.865473 1.048677 4.097620
-5.064181 1.644087 8.928735
-2.800332 4.657874 16.732502
-0.690873 3.432242 12.196122
-2.182000 0.704899 19.269851
-1.180395 -0.767274 2.495351
0.827323 -2.220275 11.195452
1.880357 0.518279 -0.828110
2.195408 -2.774842 7.605019
1.951458 -1.450779 13.344040
3.581866 6.143518 6.880483
-5.499907 0.799997 20.036018
-2.333822 2.587493 19.892663
2.684215 3.927704 4.622601
-2.109732 2.643152 6.756538
-3.081407 1.638811 7.439682
-4.734422 1.467253 10.445956
-1.394011 3.242589 15.008174
-2.766398 3.336101 7.944105
-1.802696 0.933781 14.562177
0.768606 -0.805022 2.449873
1.403796 -2.178275 9.968441
4.847766 0.917190 0.399279
1.961233 -0.527988 6.164030
0.584107 -1.970517 16.151964
2.586485 4.179523 8.520033
-3.207976 0.966177 13.458100
-1.451753 1.254154 19.221466
2.165462 5.164617 2.118458
