-0.037679 1.334205 9.682796
1.418773 0.769142 10.151750
0.321159 1.207157 10.343399
0.456387 1.639344 9.434000
0.470641 1.709568 9.580622
0.652761 1.877163 9.148521
0.797700 1.747538 9.593848
0.591838 1.867204 9.477952
0.792634 1.862954 8.942472
0.725142 1.848278 8.276509
0.541066 1.366096 7.509468
-0.325684 0.431347 6.805102
-0.322594 0.287968 5.073975
0.757459 -0.141230 7.056018
0.615145 4.472856 12.642361
-4.877606 2.587310 12.675175
2.993318 -3.326238 20.445374
0.166514 2.080271 10.164188
-0.358127 0.626103 10.346909
-1.837917 1.168763 7.986685
-0.452476 0.123489 6.819601
-0.051167 -0.449363 6.736441
0.576733 -0.442822 6.931746
3.248861 2.779759 12.879885
-2.668437 5.107745 7.417810
1.293781 -4.879778 20.517830
0.829656 -0.096557 13.544586
-0.059562 2.258476 6.282978
1.362078 -1.515631 11.807583
0.681624 -0.285983 7.200180
0.457981 0.462556 5.872067
-1.242714 1.074629 5.798089
-0.643018 -0.349146 6.914384
3.043678 -0.009804 15.450592
-4.096812 5.347418 8.117208
0.747807 -4.211532 15.104499
1.339401 0.322473 12.990538
-3.191224 4.793049 6.440162
-1.136837 0.072271 12.046939
-0.424682 -0.552009 9.127697
0.133961 -0.763520 6.798752
1.147004 -1.069347 6.667188
2.488765 -0.299726 12.905140
0.206206 3.686883 10.979824
-2.455922 -0.277063 17.685268
1.365985 -0.648262 14.504123
-1.268853 3.734201 5.616377
0.067859 0.821958 8.273088
-0.153646 0.489286 7.030101
-0.283555 1.291550 4.880282
-1.383584 1.461415 4.978637
-0.369266 -0.420960 9.560482
0.075954 3.309690 16.585466
-5.056118 2.739600 10.316355
2.439471 -2.576697 16.382097
-2.611580 4.720450 7.838963
-1.990966 2.204927 9.163097
-0.839454 0.209201 10.660027
-0.647496 1.013032 6.053219
0.140531 0.968252 4.592206
1.071021 0.010197 6.166986
1.637430 0.338080 11.149700
1.971406 5.273213 13.947188
-2.889099 -0.544403 19.498716
0.540643 -1.644619 18.947865
-2.331167 5.574074 4.840007
-0.492961 1.240568 7.737101
-0.676892 0.819112 6.347274
-0.477526 1.876591 4.228424
-1.257491 1.238214 3.792131
-0.420320 -0.916913 7.920106
3.517380 -1.012911 14.356204
-3.201052 7.247949 11.895718
0.573929 -2.001059 17.753363
-0.573380 1.646754 15.902485
-1.180414 2.473782 7.721813
-0.042714 0.418138 8.821122
-0.429288 0.574636 5.395192
-0.425933 0.477977 4.168145
0.263144 0.196657 4.682622
0.158496 0.656785 6.574930
2.483013 1.304108 15.324736
-0.041101 7.021967 10.984537
-0.658550 -3.123924 23.086956
1.065451 -0.608200 17.173889
-2.102763 4.189530 4.660382
0.925325 -0.123155 9.103975
-0.474246 0.570978 5.058713
-2.153139 1.025337 4.013103
-0.530037 -0.430756 4.190018
1.373878 -0.441682 4.999494
4.879457 1.374873 13.475528
2.155374 3.390192 17.874800
2.364938 2.339945 17.747198
-1.895277 3.703165 11.946788
-3.684529 2.814338 11.520265
-1.163681 0.556453 8.703661
-0.551589 1.587701 6.899859
-0.308206 1.593427 8.205088
0.401829 1.012039 9.894337
