0.000000 0.000000 0.000000
-0.067791 -0.045777 0.005897
-0.110162 0.017890 0.007546
0.093284 0.073728 -0.028605
0.090547 0.202880 -0.013349
0.017667 0.326436 -0.101444
-0.294746 0.109388 -0.087728
-0.305758 -0.094581 0.071609
-0.367299 0.708766 -0.384944
0.144232 -0.012064 1.044805
1.110734 -0.555810 0.001259
1.130751 0.314759 -0.364336
1.068999 0.174595 0.441246
-0.657497 -1.060474 0.414238
-0.704005 -0.467929 -0.094018
0.141559 -0.002809 -0.209523
0.858033 -0.807310 1.338332
0.829464 -0.420239 -0.677384
0.420903 0.224095 -0.126506
0.049604 -0.556833 1.300821
-0.256720 -0.641199 -0.585320
-0.437798 0.253119 -0.625998
0.378702 -0.329519 1.491162
0.495447 -0.269259 -0.926451
0.112725 0.291818 -0.066105
-0.000379 -0.874244 0.769976
-0.119945 -0.662911 -0.529460
-0.697807 0.479462 -0.101863
-0.795274 -0.525274 1.572751
0.329832 0.111016 -1.319881
0.085451 0.699963 -0.312754
-0.079123 0.192348 1.464084
-0.540862 -0.546458 -0.588076
-0.829667 0.023178 -0.562684
-0.171128 -0.332174 1.117543
0.056450 -0.407724 -0.660835
0.986892 -0.042658 0.022304
0.335327 -0.595942 1.498938
-0.616742 -0.551224 -1.041416
-0.413003 0.262372 -0.618970
0.334128 0.094730 1.229691
0.793558 -0.334437 -0.717962
0.329509 0.259477 -0.104995
-0.537102 -0.470039 1.212365
-0.323509 -0.426310 -0.782619
-0.359422 0.022040 -0.496132
0.150773 -0.523519 1.504109
0.953675 -0.174726 -0.858578
0.379466 0.228495 -0.252715
-0.260348 -0.732925 1.256770
-0.383256 -0.489927 -0.846088
-0.040327 -0.131094 -0.179554
-0.069859 -0.541939 1.046559
-0.778981 -1.174842 -0.237258
-1.059556 -1.236419 -0.018682
-2.118667 -2.549914 0.696524
-1.200903 -2.654956 0.436610
-0.383975 -1.875339 0.357794
0.520583 -1.468512 0.982094
1.147308 -1.653705 0.137405
0.476567 -0.801418 -0.306517
0.077752 -0.286399 0.518752
-0.182232 -1.392843 1.350157
-0.760629 -1.294430 -0.775826
-0.374056 -0.402881 -0.539902
0.191955 -0.926909 1.704100
0.576700 -0.821455 -0.913850
0.040315 -0.280518 -0.209979
-0.459346 -1.061534 1.527936
-0.662739 -0.957830 -0.718297
-0.440775 -0.514967 -0.254509
0.341387 -1.046363 1.414088
0.530023 -0.605919 -0.842669
0.075941 -0.122500 0.169448
-0.280582 -0.841970 0.589654
-0.379137 -0.692733 -0.390463
-0.291350 -0.188475 0.146008
0.813785 -0.948809 0.379166
0.921002 -0.624032 -0.122495
0.135914 0.340983 0.219740
0.302599 -0.929434 0.578739
0.029622 -0.725182 -0.186221
-0.358708 -0.287173 0.025791
0.186771 -0.325337 0.353472
0.081526 -0.000026 -0.520092
-0.036087 0.179687 0.449326
-0.520877 -0.435649 0.744471
-1.443942 -1.085874 -0.242867
-1.452260 -0.139287 -0.619925
-1.135172 0.503294 -0.025414
0.464627 -0.086854 0.300450
0.017456 -0.421504 0.218946
-0.517888 0.046867 -0.139096
-0.766557 -0.496319 1.160357
-1.139469 -0.547680 -1.004424
-0.639854 -0.239435 -0.248787
-0.310092 -0.496834 0.896465
0.335216 -0.236076 -0.602468
0.366244 0.262937 -0.199195
-0.078033 -0.378417 1.269636
-0.140529 -0.487811 -0.686286
-0.348778 0.005800 -0.363411
-0.047493 -0.615618 1.122512
0.090043 -0.129915 -0.699296
-0.611396 -0.310070 -0.134120
-0.955034 -0.828982 1.102291
-1.297734 -0.722144 -0.620401
-1.102197 -0.469579 -0.043728
-0.826941 -1.494298 1.250975
-1.258085 -1.379622 -0.662181
-0.645305 -1.268258 0.417166
-1.053334 -2.043573 1.555732
-1.249762 -2.783304 -0.426699
-0.827813 -1.542014 -0.052832
-0.260079 -0.495187 0.692829
0.402839 -1.012536 -0.025411
0.398367 -0.698654 -0.033794
0.512336 -0.383889 0.428750
-0.115528 -1.084148 0.907322
-0.880492 -1.127937 -0.244297
-0.276974 -0.431803 -0.487150
0.420238 -0.307752 1.086103
0.918010 -0.793009 -0.356237
0.357590 -0.022096 -0.363315
0.222143 0.082189 0.989358
-0.138872 -0.921487 -0.052958
0.116695 -0.481739 -0.453982
0.400545 -0.484243 1.079147
0.270492 -0.410710 -0.550616
-0.119245 0.138742 -0.392828
0.065962 -0.336879 1.318192
-0.689787 -0.768895 -0.398648
-0.200882 -0.004380 -0.694551
-0.328952 -0.003207 0.913850
0.022561 -0.581286 -0.129475
-0.086362 -0.066763 -0.590929
-0.360645 0.376308 0.475911
-0.561515 -0.751177 0.007887
-0.761950 -0.260178 -0.479098
-0.184529 0.167651 0.873772
0.320544 -0.668480 -0.205678
-0.177212 -0.202025 -0.627936
0.061140 0.333295 0.954897
-0.915069 -0.699037 -0.249042
-0.327064 -0.113946 -0.558809
-0.146226 0.631381 0.195569
0.473669 -0.734574 0.191897
0.435519 -0.188327 -0.295181
0.333820 0.503397 0.732849
-0.711356 -0.835014 -0.119373
-0.475142 -0.431126 -0.387691
0.056067 0.492136 0.064528
0.623500 -0.549991 0.580126
0.318571 -0.315211 -0.529746
0.224382 0.472778 0.415256
-0.228903 -0.584521 -0.031137
-0.304050 -0.342073 -0.133860
0.007255 0.105698 0.310673
0.528460 -0.365034 0.326517
0.599714 -0.240143 -0.383181
0.748757 0.218931 0.601087
0.197648 -1.162261 0.385092
0.187795 -0.915989 -0.015721
0.398679 -1.621935 -0.007273
2.096085 -1.488904 1.318960
0.535447 -1.252902 0.133042
-0.312553 -0.647288 0.011303
-0.950888 0.142981 0.383947
-1.814210 -1.053076 0.058801
-1.830928 -0.320872 -0.450643
-1.493834 0.065024 -0.065396
-0.557720 -1.120047 1.401759
-0.569301 -0.719952 -0.868469
-0.728379 0.028654 0.047862
-0.862036 -1.033795 0.788727
-1.091133 -0.766642 -0.695592
-0.811359 0.162341 0.255683
0.144180 -1.084453 0.033878
-0.104341 -0.425114 -0.226027
0.020228 0.425606 0.532887
-0.800469 -0.848667 0.196128
-0.648274 -0.607172 -0.323633
-0.602648 0.405937 0.686138
-0.025228 -0.718008 -0.392481
0.050304 -0.276835 -0.494792
0.013075 0.499623 0.959263
-1.145797 -0.718187 -0.422412
-0.527078 -0.115836 -0.080867
-0.233623 0.376351 0.856195
0.265987 -1.132669 0.052792
0.103440 -0.065312 -0.819765
-0.345369 0.086238 1.449759
-0.737782 -0.612999 -0.540400
-0.553923 -0.091390 -0.712431
-0.374315 0.024888 1.222573
0.132761 -0.570654 -0.731318
0.185693 0.034359 -0.286511
-0.579918 0.320982 1.289004
-1.014562 -0.504197 -0.777908
-0.842909 -0.119096 -0.331798
