-0.346000 4.684000 9.739000
-0.200000 5.620000 6.738000
-0.255000 6.034000 6.206000
-0.327000 5.651000 8.206000
0.625000 4.648000 11.413000
0.949000 4.734000 13.676000
0.546000 5.000000 12.553000
-0.037000 4.739000 9.868000
-0.298000 4.463000 8.094000
-0.107000 4.312000 7.861000
0.278000 4.118000 8.110000
0.558000 4.087000 8.244000
1.090000 4.324000 8.268000
1.286000 4.528000 8.158000
0.850000 4.348000 7.998000
0.077000 3.857000 8.580000
-0.490000 3.500000 9.454000
-0.554000 3.548000 9.593000
-0.435000 3.948000 8.822000
-0.298000 4.447000 7.452000
-0.219000 4.470000 6.848000
-0.346000 4.224000 7.368000
-0.492000 3.946000 8.158000
-0.358000 3.831000 9.509000
-0.111000 3.642000 11.205000
-0.071000 3.680000 11.727000
-0.392000 3.982000 11.200000
-0.633000 4.305000 10.378000
-0.559000 4.511000 10.249000
-0.495000 4.779000 10.615000
-0.059000 4.645000 10.218000
0.077000 4.909000 10.757000
0.635000 5.433000 11.439000
1.167000 5.704000 10.362000
0.580000 5.637000 8.666000
-0.284000 5.213000 8.300000
-0.583000 4.518000 8.460000
-0.504000 4.138000 8.156000
-0.344000 4.157000 7.622000
-0.190000 4.236000 7.353000
-0.530000 3.920000 6.975000
-0.844000 3.594000 6.690000
-0.593000 3.642000 6.889000
-0.008000 4.037000 7.054000
0.319000 4.298000 7.502000
0.120000 4.099000 8.158000
-0.181000 3.944000 8.276000
-0.054000 4.231000 7.964000
0.345000 4.724000 7.114000
0.328000 5.110000 6.063000
0.048000 5.043000 5.888000
-0.250000 4.791000 6.942000
-0.274000 4.363000 9.174000
0.326000 4.042000 11.796000
0.994000 4.315000 12.623000
1.025000 4.813000 10.450000
0.328000 5.428000 7.320000
-0.152000 6.010000 6.048000
-0.413000 5.874000 6.673000
-0.710000 5.761000 8.053000
-0.336000 5.757000 9.207000
0.374000 5.467000 9.353000
0.288000 5.191000 9.528000
-0.241000 4.952000 10.148000
-0.547000 4.789000 10.592000
-0.327000 4.933000 10.398000
-0.080000 5.163000 9.634000
0.077000 5.005000 8.589000
0.307000 4.779000 8.259000
0.257000 4.641000 8.300000
-0.063000 4.411000 8.137000
-0.253000 4.382000 7.533000
-0.293000 4.415000 6.714000
-0.243000 4.255000 6.458000
-0.202000 4.027000 7.145000
-0.298000 3.807000 8.034000
-0.521000 3.654000 8.553000
-0.619000 3.788000 8.608000
-0.439000 4.063000 8.244000
-0.138000 4.478000 7.564000
0.355000 5.002000 7.222000
0.534000 5.244000 7.500000
0.149000 5.029000 8.113000
-0.624000 4.609000 9.016000
-1.132000 4.363000 9.784000
-1.072000 4.262000 10.563000
-0.336000 4.372000 11.459000
0.491000 4.961000 12.093000
0.510000 5.816000 11.315000
-0.291000 5.603000 9.950000
-0.883000 5.203000 10.510000
-0.107000 5.371000 11.142000
1.186000 5.690000 9.840000
1.145000 5.907000 8.946000
0.709000 5.680000 8.764000
0.403000 5.251000 8.953000
-0.018000 4.782000 8.711000
-0.085000 4.339000 7.718000
0.024000 4.200000 6.530000
0.094000 4.193000 5.658000
0.316000 4.039000 5.845000
0.369000 3.639000 6.659000
0.328000 3.345000 7.480000
0.359000 3.290000 7.962000
0.400000 3.407000 7.567000
0.424000 3.706000 6.942000
0.419000 3.977000 6.810000
0.510000 4.080000 7.267000
0.733000 4.183000 8.024000
1.186000 4.449000 8.340000
1.820000 4.904000 7.734000
2.491000 5.488000 6.355000
2.743000 5.987000 5.449000
2.752000 5.900000 6.266000
2.283000 5.325000 8.288000
1.626000 4.159000 11.054000
-0.042000 2.255000 15.080000
-0.241000 1.417000 18.430000
1.368000 2.756000 17.539000
2.067000 5.440000 10.081000
2.101000 6.786000 2.266000
1.210000 6.456000 3.385000
-0.392000 6.844000 9.610000
-0.274000 6.554000 12.493000
0.156000 5.965000 10.239000
-0.339000 5.737000 7.365000
-1.050000 5.177000 7.662000
-1.366000 4.360000 9.047000
-1.223000 3.781000 8.774000
-1.065000 3.529000 8.096000
-0.859000 3.642000 7.377000
-0.763000 3.750000 6.827000
-0.799000 3.718000 7.080000
-0.933000 3.718000 7.897000
-0.966000 3.968000 8.000000
-0.890000 4.293000 7.392000
-0.739000 4.411000 7.650000
-0.545000 4.684000 8.640000
-0.368000 4.691000 8.719000
-0.483000 4.571000 8.041000
-0.667000 4.669000 7.272000
-0.535000 4.760000 6.333000
-0.487000 4.626000 6.098000
-0.976000 4.188000 6.760000
-1.333000 3.845000 8.067000
-1.476000 3.395000 9.808000
-1.558000 2.411000 11.837000
-1.591000 1.618000 14.330000
-0.495000 2.212000 15.633000
0.860000 4.360000 14.498000
1.255000 7.045000 10.524000
0.850000 8.027000 7.703000
0.000000 7.807000 9.835000
-0.238000 6.990000 10.467000
-0.717000 6.219000 8.973000
-0.404000 5.352000 8.204000
0.015000 4.633000 8.589000
-0.078000 4.106000 8.867000
-0.516000 3.520000 8.297000
-1.148000 3.323000 7.576000
-1.091000 3.326000 7.550000
-0.739000 3.172000 7.763000
-0.605000 2.861000 7.605000
-0.696000 2.732000 7.076000
-0.986000 2.892000 6.407000
-0.787000 3.199000 6.237000
-0.392000 3.726000 5.672000
0.228000 4.480000 4.786000
0.728000 4.808000 4.661000
1.420000 5.064000 4.891000
2.326000 5.342000 5.517000
2.956000 5.457000 5.979000
3.131000 5.644000 5.955000
2.587000 5.206000 6.633000
1.617000 4.593000 8.359000
1.068000 4.521000 10.132000
1.464000 4.657000 11.957000
1.804000 4.162000 14.014000
1.899000 3.730000 16.476000
1.401000 4.176000 15.930000
0.695000 4.811000 11.430000
0.530000 5.409000 9.998000
0.288000 7.198000 11.717000
0.067000 7.960000 12.340000
0.599000 6.030000 9.095000
-0.260000 4.799000 8.046000
-0.689000 4.511000 8.898000
-0.313000 4.430000 8.582000
-0.008000 4.437000 7.239000
-0.154000 4.389000 6.094000
-0.360000 4.334000 6.039000
-0.420000 4.056000 6.415000
-0.490000 3.915000 6.604000
-0.346000 3.991000 6.508000
-0.205000 3.982000 6.671000
-0.056000 4.116000 7.195000
0.189000 4.272000 7.727000
0.201000 4.451000 7.864000
-0.233000 4.485000 7.607000
-0.717000 4.356000 7.227000
