-1.625000 -10.773000 44.095001
3.389000 0.737000 18.572001
1.088000 10.101000 -1.205000
-1.730000 8.257000 7.236000
-4.087000 2.416000 17.472000
-7.912000 -2.067000 13.291000
-10.599000 -2.548000 6.965000
-5.579000 0.947000 3.414000
1.694000 3.855000 3.830000
-0.023000 3.029000 7.809000
-5.301000 1.527000 9.322000
-7.902000 1.968000 7.866000
-8.027000 2.916000 5.234000
-7.239000 3.182000 5.986000
-5.500000 3.419000 9.684000
-2.197000 3.512000 18.354000
0.750000 2.564000 30.398001
2.307000 4.037000 28.195000
1.720000 9.251000 15.365000
1.787000 11.833000 9.104000
0.865000 7.852000 7.308000
1.488000 3.168000 9.732000
3.423000 -0.963000 7.083000
5.229000 -3.109000 1.014000
6.072000 -4.280000 -2.803000
6.764000 -4.570000 -2.458000
8.328000 -4.158000 -3.514000
8.598000 -3.413000 -4.630000
7.554000 -3.487000 -1.802000
5.126000 -4.874000 2.848000
5.075000 -5.015000 12.512000
11.580000 -2.165000 28.327000
19.362000 4.214000 36.573002
15.094000 12.786000 21.285000
2.362000 12.865000 7.351000
-4.633000 4.650000 16.570000
-9.488000 -4.340000 29.754000
-12.233000 -6.301000 23.153000
-12.400000 -3.640000 14.936000
-10.398000 -0.477000 13.094000
-9.232000 2.550000 10.963000
-11.231000 4.789000 7.454000
-13.734000 7.268000 5.864000
-10.755000 10.365000 3.960000
-5.577000 10.245000 1.083000
-3.472000 8.137000 -1.481000
-5.086000 6.480000 2.243000
-4.856000 4.803000 23.541000
2.893000 3.656000 50.439999
15.647000 6.037000 48.585999
22.284000 13.569000 25.273001
18.337000 15.061000 8.441000
15.003000 8.825000 5.619000
10.301000 2.698000 6.697000
6.117000 -2.098000 -0.013000
7.372000 -3.427000 -6.649000
8.950000 -4.596000 -11.600000
9.882000 -5.925000 -13.777000
11.817000 -8.294000 -11.657000
10.402000 -12.686000 0.159000
4.754000 -16.229000 13.267000
-1.855000 -16.329000 14.603000
1.258000 -10.505000 11.756000
18.499001 2.248000 23.922001
24.350000 14.551000 21.333000
10.972000 14.776000 22.830000
-6.034000 8.425000 28.044001
-12.704000 3.297000 26.926001
-9.248000 0.492000 19.032000
-11.100000 -0.165000 14.110000
-12.240000 1.522000 21.350000
-12.019000 5.879000 20.296000
-9.682000 10.075000 9.040000
-3.596000 13.116000 1.328000
1.418000 12.942000 -2.173000
0.285000 9.505000 -0.432000
-4.849000 5.129000 3.450000
-10.053000 2.368000 16.327999
-4.631000 0.150000 46.710999
8.091000 0.818000 54.355999
9.702000 10.187000 18.247999
10.819000 16.141001 1.244000
11.980000 10.686000 4.036000
8.653000 4.073000 4.472000
6.352000 -0.254000 2.935000
5.880000 -3.425000 -0.753000
9.123000 -2.467000 -6.398000
11.329000 -2.244000 -10.785000
11.815000 -4.024000 -9.063000
12.883000 -6.225000 -3.356000
14.710000 -8.368000 5.663000
15.427000 -9.966000 15.947000
7.899000 -10.955000 18.687000
-0.023000 -11.015000 16.009001
9.748000 -7.367000 40.431000
20.296000 -0.189000 67.558998
7.147000 10.027000 35.183998
-16.891001 16.944000 -10.026000
-19.716999 8.164000 1.392000
-17.159000 -5.018000 14.725000
-15.377000 -5.137000 14.649000
-8.755000 1.680000 13.185000
-5.974000 7.304000 6.479000
-2.370000 11.059000 2.472000
0.719000 12.647000 4.585000
1.636000 12.257000 5.231000
0.350000 11.006000 3.821000
-2.760000 9.780000 2.549000
-4.619000 7.558000 8.448000
-3.438000 3.795000 32.657001
3.032000 -1.260000 59.299000
10.488000 -0.319000 45.487000
6.021000 10.856000 10.764000
1.830000 15.828000 -3.605000
4.936000 9.299000 3.768000
7.990000 3.419000 7.456000
7.389000 0.911000 -1.114000
6.045000 -1.219000 -11.957000
6.096000 -3.418000 -11.537000
5.957000 -7.257000 -4.233000
7.808000 -9.868000 -3.445000
8.527000 -10.548000 -3.136000
3.399000 -11.659000 2.669000
-3.112000 -13.822000 9.102000
3.751000 -12.777000 17.554001
28.216000 1.740000 24.056000
35.006001 20.100000 16.811001
14.114000 21.559000 0.750000
-8.705000 4.794000 6.463000
-9.136000 -2.817000 37.777000
-8.635000 -3.851000 32.716999
-14.345000 -3.085000 21.532000
-12.884000 -0.309000 19.472000
-6.688000 5.182000 14.735000
-5.720000 8.571000 7.842000
-9.428000 9.431000 5.981000
-8.087000 9.948000 5.957000
-1.781000 10.834000 4.844000
2.865000 10.985000 4.137000
-0.380000 8.928000 4.281000
-6.386000 5.828000 11.609000
-7.886000 2.622000 30.971001
-2.051000 0.128000 48.105000
5.444000 3.673000 33.435001
7.200000 12.688000 5.311000
5.763000 13.916000 -3.437000
3.485000 6.020000 6.051000
2.553000 0.497000 12.723000
3.348000 -2.017000 6.422000
5.607000 -3.669000 0.834000
9.470000 -3.964000 -4.276000
11.841000 -4.936000 -6.125000
12.119000 -6.320000 -2.484000
8.189000 -9.762000 6.570000
1.159000 -13.400000 11.547000
1.073000 -11.920000 12.223000
14.466000 -1.281000 12.637000
15.599000 9.996000 -6.173000
4.826000 8.171000 -12.012000
0.834000 -0.117000 17.896000
-0.008000 -1.655000 40.525002
-0.578000 1.299000 37.011002
-2.655000 4.276000 22.025000
-5.967000 3.347000 16.538000
-11.160000 2.123000 16.806999
-15.614000 2.480000 17.893999
-14.965000 5.740000 11.569000
-10.288000 8.633000 2.010000
-5.610000 7.316000 0.588000
-3.213000 4.339000 6.680000
-5.831000 2.073000 14.953000
-7.857000 0.753000 25.055000
-3.476000 0.102000 34.313999
6.314000 1.941000 32.087002
13.163000 6.477000 26.233000
13.412000 8.195000 21.618000
11.877000 4.681000 17.645000
8.129000 0.571000 10.378000
6.515000 -2.362000 3.361000
9.128000 -3.526000 -1.083000
10.237000 -5.944000 -0.575000
6.390000 -9.757000 -4.956000
3.202000 -12.083000 -13.176000
6.543000 -10.742000 -15.168000
6.898000 -8.725000 -8.254000
3.966000 -8.064000 -0.302000
6.991000 -5.547000 9.083000
11.820000 -2.469000 15.976000
14.210000 1.460000 22.983000
11.470000 4.609000 28.535000
5.542000 10.118000 20.849001
1.195000 9.366000 18.396999
0.982000 4.861000 26.094999
-3.239000 3.402000 23.697001
-6.952000 4.413000 17.089001
-5.433000 6.655000 13.473000
-5.996000 7.852000 12.151000
-8.721000 6.877000 8.508000
-8.765000 5.503000 8.077000
-4.403000 6.164000 9.377000
