0.688000 4.837000 7.969000
0.970000 4.976000 7.104000
1.698000 5.560000 5.708000
2.043000 5.907000 5.102000
2.161000 5.812000 6.077000
2.513000 5.349000 9.061000
2.879000 5.170000 12.405000
3.032000 5.668000 12.943000
2.582000 6.157000 10.105000
1.356000 5.917000 7.380000
0.182000 5.050000 7.598000
-0.202000 4.360000 9.521000
-0.384000 4.248000 11.190000
-0.588000 4.585000 11.660000
-0.255000 5.007000 11.068000
0.415000 5.558000 10.053000
0.688000 6.025000 8.616000
0.249000 6.061000 7.411000
-0.241000 5.912000 7.028000
-0.085000 6.027000 7.461000
0.283000 5.996000 7.624000
0.108000 5.685000 7.349000
-0.269000 5.397000 6.870000
-0.363000 5.146000 5.936000
-0.346000 4.858000 5.598000
-0.404000 4.552000 5.684000
-0.530000 4.365000 5.732000
-0.571000 4.348000 6.010000
-0.674000 4.437000 6.666000
-0.468000 4.739000 7.557000
-0.154000 5.017000 8.144000
-0.150000 4.882000 8.678000
0.000000 4.763000 9.868000
-0.207000 5.237000 10.853000
-0.447000 6.049000 10.108000
-0.578000 7.139000 8.228000
-1.134000 7.668000 6.513000
-1.465000 7.091000 7.591000
-0.892000 6.384000 10.469000
-0.210000 6.418000 10.948000
0.182000 6.870000 9.365000
0.326000 7.167000 7.083000
0.297000 7.150000 5.459000
0.506000 6.906000 5.227000
0.745000 6.528000 5.797000
0.915000 6.078000 6.666000
0.877000 5.742000 7.361000
0.870000 5.673000 7.456000
0.793000 5.668000 7.088000
0.783000 5.663000 7.085000
0.889000 5.589000 7.737000
0.728000 5.191000 8.029000
0.278000 4.607000 7.720000
0.254000 4.549000 7.454000
0.867000 4.971000 6.779000
1.394000 5.184000 5.576000
1.555000 4.842000 6.194000
1.476000 4.521000 8.731000
1.907000 4.796000 10.951000
2.726000 5.702000 11.284000
3.224000 6.686000 9.933000
3.166000 6.887000 8.855000
2.726000 6.322000 8.999000
2.278000 5.903000 9.356000
2.093000 5.924000 9.452000
1.775000 6.051000 9.308000
1.428000 5.869000 8.702000
0.896000 5.718000 7.768000
0.580000 5.565000 7.143000
0.331000 5.148000 7.353000
0.091000 4.846000 7.916000
0.187000 5.038000 7.933000
0.582000 5.488000 7.524000
0.973000 5.783000 6.582000
0.973000 5.757000 5.639000
0.853000 5.527000 5.540000
0.431000 5.189000 6.134000
0.194000 4.923000 7.631000
-0.207000 4.576000 8.683000
-0.588000 4.540000 8.642000
-0.598000 5.275000 7.787000
-0.514000 5.462000 6.482000
-0.054000 5.369000 6.896000
1.143000 5.804000 9.844000
1.665000 7.026000 11.916000
0.690000 7.697000 9.607000
-1.184000 7.189000 5.950000
-2.406000 6.770000 6.070000
-2.224000 6.425000 7.861000
-1.086000 6.207000 9.758000
-0.233000 6.231000 10.292000
-0.102000 6.628000 9.784000
0.060000 7.146000 8.915000
0.170000 7.301000 7.650000
0.130000 6.904000 7.102000
-0.080000 6.437000 7.296000
0.122000 6.204000 7.253000
0.455000 5.963000 6.479000
0.542000 5.543000 5.993000
0.769000 5.234000 6.345000
1.212000 5.117000 6.518000
1.382000 5.012000 6.503000
1.337000 4.904000 6.441000
1.265000 4.753000 6.700000
1.274000 4.542000 6.870000
1.286000 4.808000 6.676000
1.346000 5.304000 6.604000
1.373000 5.397000 7.186000
1.468000 5.254000 8.762000
1.981000 5.052000 11.274000
2.587000 5.381000 12.508000
2.414000 5.517000 11.449000
1.610000 5.505000 9.030000
1.222000 5.373000 7.349000
1.155000 5.139000 7.198000
1.198000 5.179000 6.891000
1.447000 5.100000 6.989000
1.581000 4.875000 7.569000
1.629000 4.643000 8.426000
1.634000 4.688000 9.121000
1.241000 4.779000 9.248000
0.695000 4.899000 8.537000
0.580000 5.079000 7.744000
0.731000 4.978000 7.627000
0.702000 4.846000 7.490000
0.448000 4.746000 7.195000
0.230000 4.703000 6.997000
0.304000 4.724000 6.683000
0.618000 4.892000 6.585000
0.676000 4.926000 6.800000
0.530000 4.964000 7.591000
0.288000 5.103000 8.587000
0.010000 5.062000 9.487000
0.039000 4.681000 11.540000
0.465000 4.983000 13.523000
0.853000 6.195000 13.075000
0.563000 7.349000 9.875000
-0.933000 7.311000 6.357000
-1.891000 6.662000 6.863000
-1.656000 6.169000 9.097000
-0.631000 5.919000 11.018000
-0.344000 5.603000 11.142000
-0.413000 5.378000 10.079000
-0.375000 5.388000 8.596000
-0.210000 5.579000 7.215000
0.031000 5.699000 6.261000
0.633000 5.697000 5.785000
1.272000 5.737000 5.615000
1.765000 5.764000 5.461000
2.031000 5.709000 5.229000
2.082000 5.582000 5.162000
2.005000 5.412000 5.351000
1.739000 4.988000 5.581000
1.483000 4.569000 5.833000
1.425000 4.435000 6.525000
1.526000 4.554000 7.200000
1.521000 4.715000 7.576000
1.586000 4.561000 8.441000
2.182000 4.688000 10.419000
3.044000 5.579000 11.708000
3.514000 6.640000 11.106000
3.370000 7.148000 9.545000
2.242000 6.446000 9.392000
0.910000 5.038000 10.716000
0.094000 4.236000 11.368000
-0.353000 4.123000 10.680000
-0.301000 4.339000 8.678000
0.747000 4.705000 6.752000
2.285000 5.005000 6.760000
3.284000 5.273000 7.437000
3.485000 5.117000 6.388000
3.195000 4.487000 5.488000
2.917000 3.946000 5.608000
2.630000 3.342000 5.342000
2.338000 2.770000 5.660000
2.259000 2.466000 6.961000
2.038000 2.360000 8.563000
1.250000 2.339000 9.674000
0.424000 2.511000 10.041000
0.051000 3.089000 10.096000
0.453000 3.357000 10.692000
0.862000 3.215000 12.560000
1.306000 3.318000 14.510000
2.165000 4.552000 15.274000
3.143000 6.815000 13.063000
2.795000 8.099000 8.398000
0.470000 7.677000 5.303000
-1.282000 7.304000 7.480000
-1.134000 6.410000 8.910000
-0.832000 5.560000 8.958000
-0.686000 5.143000 9.044000
-0.162000 4.966000 8.941000
0.331000 4.990000 8.347000
0.515000 5.316000 7.385000
0.805000 5.802000 6.566000
1.267000 5.907000 6.350000
1.622000 5.721000 6.805000
1.665000 5.474000 7.509000
1.516000 5.225000 7.763000
1.514000 5.304000 7.370000
