3.353750 0.877386 18.276523
1.045076 10.071933 -1.075763
-1.766320 8.168143 7.388969
-4.145111 2.348487 17.407683
-7.951249 -2.073433 13.195064
-10.521870 -2.494787 6.911707
-5.470029 0.990541 3.421161
1.666977 3.842240 3.890174
-0.102963 3.006515 7.831416
-5.340140 1.533847 9.299512
-7.903696 1.982318 7.826601
-8.014746 2.920054 5.246175
-7.212090 3.185582 6.043615
-5.449658 3.420189 9.817095
-2.152330 3.498094 18.534586
0.773282 2.587339 30.361949
2.298184 4.115983 28.000628
1.720801 9.288912 15.270449
1.773282 11.772057 9.077529
0.874812 7.780621 7.343832
1.517512 3.105385 9.690777
3.450352 -0.995537 6.990873
5.241840 -3.126675 0.956671
6.082761 -4.284265 -2.798054
6.787578 -4.563636 -2.474124
8.331816 -4.146818 -3.530126
8.581750 -3.414427 -4.586384
7.517499 -3.507879 -1.729835
5.126730 -4.875454 2.996942
5.174565 -4.970670 12.751634
11.696026 -2.067127 28.447508
19.294915 4.342893 36.339986
14.900922 12.785300 21.077573
2.255704 12.739426 7.492591
-4.706637 4.514363 16.766756
-9.529309 -4.368876 29.652872
-12.235055 -6.260255 23.028998
-12.369638 -3.591744 14.907807
-10.380924 -0.430961 13.061152
-9.262616 2.584240 10.909867
-11.267952 4.826983 7.429647
-13.688026 7.314537 5.834709
-10.676655 10.362713 3.916165
-5.545710 10.212921 1.045360
-3.496195 8.111697 -1.420085
-5.080745 6.454532 2.569341
-4.736551 4.786314 23.945051
3.086272 3.693512 50.406790
15.745914 6.150595 48.231562
22.223878 13.590004 25.019260
18.285780 14.965810 8.398778
14.931354 8.731778 5.633670
10.238362 2.625564 6.594565
6.136232 -2.118253 -0.113913
7.395951 -3.444891 -6.723947
8.964447 -4.616535 -11.632215
9.910763 -5.961635 -13.742399
11.794424 -8.360843 -11.476356
10.315571 -12.739289 0.356439
4.655385 -16.229143 13.286487
-1.804261 -16.238480 14.562923
1.518523 -10.310455 11.938355
18.583918 2.433070 23.883418
24.144974 14.552929 21.356685
10.714725 14.679309 22.908141
-6.133517 8.347257 28.025388
-12.652443 3.254668 26.806182
-9.276104 0.482518 18.959624
-11.117089 -0.138627 14.218617
-12.236127 1.588472 21.331580
-11.982456 5.942799 20.124944
-9.589361 10.120673 8.923257
-3.520858 13.112591 1.275749
1.399786 12.889323 -2.145899
0.206621 9.438548 -0.370594
-4.925976 5.086988 3.650524
-9.968564 2.334822 16.786606
-4.439351 0.162183 46.817721
8.115488 0.960252 53.809043
9.719045 10.275264 17.992972
10.835703 16.057438 1.286090
11.929456 10.585584 4.042195
8.618293 4.007200 4.448027
6.345645 -0.301458 2.878260
5.929282 -3.410545 -0.838899
9.156280 -2.464057 -6.463547
11.336559 -2.271281 -10.757775
11.831472 -4.057581 -8.975124
12.910619 -6.257601 -3.217996
14.719051 -8.392248 5.818223
15.311999 -9.980878 15.987696
7.782147 -10.955052 18.652353
0.126326 -10.958464 16.382408
9.903519 -7.256756 40.831356
20.092747 -0.033782 67.061781
6.785000 10.128955 34.506971
-16.932930 16.808935 -9.851215
-19.678119 7.965832 1.592412
-17.130685 -5.018229 14.723503
-15.276813 -5.033238 14.625462
-8.712336 1.765465 13.083213
-5.919122 7.360804 6.419246
-2.323323 11.082799 2.503931
0.732483 12.640851 4.594388
1.615942 12.237893 5.209520
0.302836 10.987055 3.803298
-2.787680 9.745700 2.643319
-4.599760 7.500299 8.817862
-3.338981 3.719193 33.054618
3.143043 -1.243312 59.083497
10.419850 -0.149752 44.961311
5.958722 10.929232 10.549713
1.877425 15.728419 -3.493253
4.981759 9.210052 3.821454
7.980652 3.380771 7.324591
7.368812 0.878478 -1.276839
6.045742 -1.252968 -11.949025
6.094332 -3.476287 -11.427053
5.985000 -7.296450 -4.221051
7.817623 -9.878477 -3.439021
8.448378 -10.565205 -3.047153
3.302795 -11.691217 2.767602
-3.003155 -13.802926 9.230650
4.120081 -12.554707 17.650009
28.313393 2.016609 23.943344
34.686925 20.118105 16.571074
13.770438 21.304932 0.843055
-8.711382 4.679416 6.932301
-9.129744 -2.832381 37.698297
-8.720435 -3.838845 32.548475
-14.321603 -3.041958 21.499895
-12.790711 -0.225740 19.399271
-6.674261 5.233216 14.630808
-5.775376 8.584039 7.814035
-9.406369 9.438984 5.980385
-7.991239 9.961335 5.940122
-1.711802 10.835797 4.833413
2.814898 10.953392 4.140887
-0.470755 8.880588 4.395779
-6.407183 5.779299 11.903615
-7.796431 2.585276 31.225606
-1.938053 0.183279 47.878305
5.470113 3.809018 33.009503
7.177903 12.704635 5.181808
5.728482 13.795817 -3.292609
3.471194 5.936500 6.149733
2.565499 0.458757 12.626806
3.382796 -2.041872 6.336945
5.665731 -3.673669 0.756615
9.505642 -3.978916 -4.302902
11.844275 -4.957642 -6.068079
12.058422 -6.372481 -2.346973
8.083099 -9.816446 6.645147
1.160742 -13.375343 11.557175
1.275049 -11.757129 12.224966
14.480551 -1.112217 12.353517
15.435726 9.966615 -6.254164
4.765911 8.046308 -11.558152
0.821172 -0.139506 18.236261
-0.017032 -1.610014 40.468877
-0.610080 1.343667 36.783831
-2.705868 4.261790 21.942761
-6.046307 3.328636 16.542280
-11.226634 2.129101 16.821838
-15.603139 2.529814 17.796446
-14.893804 5.783071 11.425366
-10.216906 8.612454 1.989957
-5.574664 7.270852 0.681236
-3.252939 4.304514 6.807127
-5.860343 2.053074 15.106504
-7.788655 0.743608 25.194191
-3.327740 0.130590 34.279286
6.417421 2.009837 31.997591
13.166371 6.501931 26.162932
13.387974 8.141012 21.556355
11.820503 4.618769 17.534547
8.105223 0.526441 10.271041
6.554368 -2.379991 3.294550
9.143870 -3.563391 -1.076346
10.178697 -6.001606 -0.642454
6.342593 -9.791831 -5.080612
3.252075 -12.062471 -13.204223
6.547713 -10.711360 -15.061684
6.854831 -8.714530 -8.132872
4.012828 -8.025242 -0.158546
7.063762 -5.500061 9.187707
11.855501 -2.408856 16.083187
14.167674 1.508329 23.064270
11.379344 4.692149 28.418205
5.476962 10.105736 20.814083
1.190810 9.297502 18.512925
0.918098 4.839437 26.057663
-3.294868 3.417816 23.596143
-6.929450 4.446752 17.034683
-5.442143 6.672903 13.452153
-6.036676 7.837136 12.096521
-8.720665 6.856333 8.501768
-8.698909 5.513015 8.096697
-4.403000 6.164000 9.377000
0.300000 0.300000 0.300000
