0.100000 0.100000 0.100000
0.001515 0.001515 0.001515
-0.073042 -0.049359 0.006228
-0.107137 0.012409 0.007439
0.108286 0.078318 -0.031304
0.091974 0.192858 -0.014793
0.012170 0.336319 -0.107855
-0.270359 0.127419 -0.089327
-0.308348 -0.110819 0.083381
-0.362672 0.644432 -0.348183
0.180898 -0.059551 1.145564
1.038611 -0.517317 0.090018
1.137344 0.374294 -0.396845
1.074238 0.189906 0.376991
-0.780088 -1.148989 0.416875
-0.709773 -0.519555 -0.055291
0.201200 0.033392 -0.220328
0.808795 -0.744288 1.221489
0.830898 -0.397768 -0.809060
0.451305 0.177982 -0.177119
0.022026 -0.607281 1.402288
-0.236269 -0.638711 -0.439495
-0.451499 0.313749 -0.638678
0.318423 -0.282813 1.336522
0.507367 -0.268346 -1.078828
0.141088 0.251559 -0.138888
-0.009815 -0.949339 0.830600
-0.112109 -0.683291 -0.432687
-0.736516 0.556309 -0.079999
-0.791134 -0.449067 1.456301
0.403248 0.147698 -1.501705
0.107628 0.661424 -0.395723
-0.091246 0.161899 1.584811
-0.509781 -0.497491 -0.437869
-0.850251 0.056683 -0.570716
-0.217641 -0.305541 1.001915
0.073937 -0.414244 -0.766917
0.924930 -0.067877 -0.031260
0.298027 -0.629349 1.595742
-0.555210 -0.556479 -0.864027
-0.404081 0.313747 -0.603595
0.284906 0.109334 1.107453
0.825212 -0.362053 -0.831560
0.362277 0.218392 -0.153023
-0.592625 -0.512538 1.296656
-0.341148 -0.431962 -0.646333
-0.360541 0.049847 -0.486932
0.117538 -0.486250 1.374691
1.004492 -0.155793 -0.994305
0.419760 0.203721 -0.300525
-0.301367 -0.789417 1.350695
-0.378019 -0.509080 -0.705603
-0.020113 -0.108467 -0.148064
-0.066703 -0.514438 0.970768
-0.821304 -1.214083 -0.309038
-1.044558 -1.235013 -0.036960
-2.182026 -2.627476 0.739790
-1.262190 -2.653240 0.455549
-0.332543 -1.829781 0.352069
0.467694 -1.490908 0.943036
1.186828 -1.663172 0.090557
0.520271 -0.854443 -0.282084
0.052199 -0.253597 0.564997
-0.167913 -1.323257 1.302199
-0.794621 -1.292777 -0.895000
-0.399559 -0.456843 -0.561434
0.225649 -0.953685 1.833149
0.555564 -0.829416 -0.748463
0.011161 -0.249460 -0.179511
-0.431218 -1.012986 1.425860
-0.675752 -0.954729 -0.838818
-0.454725 -0.541075 -0.289199
0.385845 -1.074581 1.509206
0.521522 -0.633552 -0.703996
0.051217 -0.094144 0.217912
-0.261151 -0.798174 0.567883
-0.385642 -0.686919 -0.443301
-0.296836 -0.217471 0.111726
0.874637 -0.988879 0.393819
0.918323 -0.645117 -0.092656
0.093310 0.394678 0.236751
0.290582 -0.853407 0.559103
0.015499 -0.718243 -0.226559
-0.337360 -0.311766 0.011395
0.214967 -0.326067 0.371874
0.089091 -0.018508 -0.469527
-0.042781 0.190285 0.498461
-0.493944 -0.400387 0.730612
-1.494445 -1.122315 -0.294619
-1.454622 -0.194325 -0.601712
-1.118288 0.540165 0.005046
0.376543 -0.051963 0.284012
-0.001414 -0.440924 0.215526
-0.489321 0.019887 -0.119482
-0.781043 -0.523291 1.227230
-1.119762 -0.546339 -0.881723
-0.614918 -0.223488 -0.215900
-0.326754 -0.481893 0.835665
0.369421 -0.223375 -0.676778
0.366417 0.236511 -0.225147
-0.100873 -0.410017 1.346450
-0.138386 -0.483608 -0.576459
-0.359531 0.030813 -0.352522
-0.064256 -0.580890 1.043270
0.097887 -0.106989 -0.787881
-0.573506 -0.299221 -0.169044
-0.974326 -0.855771 1.166578
-1.280553 -0.729242 -0.525471
-1.093226 -0.456518 -0.019496
-0.841010 -1.439470 1.183854
-1.278956 -1.376627 -0.754557
-0.678600 -1.273952 0.355598
-1.071990 -2.081887 1.615479
-1.240471 -2.746647 -0.319970
-0.807374 -1.482348 -0.039600
-0.288530 -0.546503 0.654755
0.436911 -1.035503 -0.058930
0.400360 -0.716072 -0.035094
0.517827 -0.367600 0.451495
-0.082948 -1.047288 0.883874
-0.919408 -1.131872 -0.299346
-0.309851 -0.467630 -0.477539
0.455689 -0.299989 1.162029
0.894471 -0.767907 -0.278936
0.331646 0.013943 -0.367392
0.227690 0.078732 0.920629
-0.156500 -0.969589 -0.099778
0.102925 -0.506329 -0.436129
0.414790 -0.483186 1.151673
0.277729 -0.414345 -0.465239
-0.138156 0.165091 -0.389378
0.055775 -0.311827 1.232970
-0.725139 -0.790568 -0.476015
-0.226919 -0.043426 -0.683698
-0.333768 -0.001309 0.989253
0.004949 -0.552620 -0.074179
-0.090652 -0.043936 -0.615208
-0.347363 0.355636 0.422238
-0.571532 -0.802944 -0.011493
-0.752627 -0.286752 -0.456205
-0.158077 0.188809 0.935698
0.297221 -0.626704 -0.150059
-0.199205 -0.182339 -0.650089
0.048512 0.308285 0.877048
-0.959539 -0.745527 -0.301012
-0.357601 -0.144440 -0.546362
-0.136513 0.667030 0.229661
0.444343 -0.667210 0.193712
0.435115 -0.166417 -0.317549
0.338667 0.471349 0.682593
-0.759191 -0.894527 -0.155908
-0.488672 -0.453199 -0.376650
0.080778 0.535019 0.084542
0.597764 -0.498539 0.556625
0.305960 -0.306930 -0.578819
0.228234 0.435966 0.368323
-0.249466 -0.630426 -0.049107
-0.301484 -0.355628 -0.129876
0.021086 0.126364 0.330408
0.504712 -0.342035 0.326699
0.603953 -0.235597 -0.414851
0.742009 0.197748 0.553740
0.173461 -1.222689 0.377598
0.187130 -0.930222 0.002531
0.408041 -1.652545 -0.007707
2.018080 -1.496466 1.257654
0.470100 -1.242166 0.083475
-0.276537 -0.674663 0.014624
-0.980492 0.178876 0.400161
-1.776003 -0.996619 0.074444
-1.833330 -0.291323 -0.473603
-1.509328 0.048761 -0.084027
-0.516272 -1.170956 1.466475
-0.566891 -0.740452 -0.762338
-0.735385 0.062023 0.083015
-0.856303 -0.984187 0.756779
-1.101282 -0.757239 -0.758364
-0.824431 0.120878 0.209961
0.185884 -1.136349 0.026297
-0.091308 -0.457055 -0.214695
0.025012 0.463466 0.564952
-0.763543 -0.789972 0.212626
-0.643348 -0.599361 -0.346548
-0.604461 0.361144 0.640124
-0.000569 -0.763949 -0.436441
0.048046 -0.298455 -0.492202
0.011592 0.533473 1.020826
-1.094625 -0.662847 -0.358601
-0.503094 -0.092720 -0.069130
-0.245492 0.355691 0.815440
0.287523 -1.195335 0.020681
0.111517 -0.114894 -0.782889
-0.364536 0.094676 1.543423
-0.721466 -0.582065 -0.449311
-0.546920 -0.070879 -0.723430
-0.381832 0.020717 1.137827
0.154194 -0.595286 -0.809172
0.184326 0.007040 -0.309188
-0.611638 0.334012 1.355337
-0.997144 -0.467963 -0.685694
