0.981027 4.984861 7.082872
1.703216 5.565195 5.699118
2.044855 5.905466 5.117349
2.166377 5.804998 6.122632
2.518537 5.346422 9.111401
2.881195 5.177599 12.412439
3.024951 5.675297 12.899704
2.563296 6.153192 10.064077
1.338257 5.903805 7.383719
0.176184 5.039600 7.627297
-0.204782 4.358393 9.546204
-0.386990 4.253165 11.196930
-0.582840 4.591473 11.650862
-0.244864 5.015392 11.052407
0.419005 5.565031 10.031116
0.681288 6.025508 8.597794
0.241667 6.058785 7.405338
-0.238571 5.913721 7.034547
-0.079507 6.026462 7.463387
0.280283 5.991257 7.619753
0.102309 5.680611 7.341584
-0.270410 5.393159 6.855878
-0.362758 5.141599 5.930936
-0.346901 4.853356 5.599305
-0.405905 4.549184 5.684787
-0.530639 4.364765 5.736332
-0.572501 4.349408 6.020069
-0.670831 4.441604 6.679533
-0.463276 4.743150 7.565953
-0.153907 5.014945 8.152303
-0.147792 4.880320 8.696117
-0.003168 4.770315 9.882637
-0.210641 5.249460 10.841365
-0.449097 6.065508 10.079345
-0.586435 7.146823 8.202461
-1.138845 7.659164 6.529863
-1.456227 7.080377 7.634386
-0.881655 6.384614 10.475837
-0.204072 6.424865 10.923671
0.184160 6.874461 9.330316
0.325612 7.166688 7.058526
0.300197 7.146244 5.455643
0.509633 6.900212 5.235772
0.747548 6.521157 5.810225
0.914427 6.072931 6.676473
0.876877 5.740961 7.362345
0.868840 5.672923 7.450467
0.792873 5.667907 7.088103
0.784556 5.661795 7.094871
0.886477 5.582883 7.741320
0.721229 5.182205 8.024290
0.277780 4.606224 7.715843
0.263339 4.555394 7.443578
0.874961 4.974125 6.761059
1.396405 5.178785 5.585876
1.553912 4.837238 6.232652
1.482669 4.525344 8.764459
1.919428 4.809847 10.955698
2.733475 5.716843 11.263438
3.223027 6.688893 9.916824
3.159280 6.878408 8.857246
2.719221 6.315705 9.004389
2.275145 5.903344 9.357409
2.088138 5.925868 9.449694
1.769660 6.048228 9.298672
1.419928 5.866693 8.687815
0.891190 5.715603 7.758649
0.576202 5.558662 7.146285
0.327413 5.143502 7.361470
0.092534 4.848990 7.916160
0.193030 5.044835 7.926632
0.587879 5.492429 7.509623
0.972971 5.782556 6.567796
0.971099 5.753464 5.637651
0.846598 5.521855 5.549277
0.427345 5.184922 6.156746
0.187882 4.917775 7.646811
-0.212730 4.575626 8.682185
-0.588130 4.551097 8.628846
-0.596629 5.277792 7.767483
-0.506808 5.460704 6.488901
-0.035888 5.375819 6.940784
1.150625 5.822531 9.874632
1.649913 7.035972 11.880458
0.661535 7.689263 9.552025
-1.202327 7.182622 5.952215
-2.403002 6.764761 6.097372
-2.206697 6.421729 7.889639
-1.073138 6.207452 9.765915
-0.230994 6.237086 10.284162
-0.099538 6.635826 9.770640
0.061644 7.148239 8.895859
0.169351 7.294922 7.641800
0.126890 6.896926 7.104904
-0.076886 6.433439 7.295176
0.127027 6.200281 7.241255
0.456362 5.956611 6.471769
0.545513 5.538328 5.998331
0.775703 5.232216 6.347599
1.214545 5.115397 6.517761
1.381307 5.010340 6.502126
1.335920 4.901683 6.444931
1.265138 4.749887 6.702513
1.274194 4.546111 6.867069
1.286909 4.815483 6.675054
1.346429 5.305365 6.613113
1.374547 5.394804 7.210284
1.475847 5.251039 8.800033
1.990076 5.056981 11.292319
2.584216 5.383041 12.491530
2.401815 5.516789 11.412222
1.604153 5.502963 9.004699
1.221002 5.369488 7.346659
1.155703 5.139582 7.193410
1.201777 5.177759 6.892609
1.449025 5.096566 6.997913
1.581722 4.871519 7.582054
1.628984 4.643697 8.436471
1.627962 4.689397 9.122748
1.232769 4.780843 9.237136
0.693303 4.901686 8.525038
0.582262 5.077452 7.742210
0.730505 4.975991 7.624871
0.698134 4.844488 7.485521
0.444737 4.745358 7.191949
0.231183 4.703354 6.992261
0.308739 4.726537 6.681576
0.618838 4.892520 6.588413
0.673747 4.926603 6.812135
0.526301 4.966078 7.606174
0.283823 5.102298 8.601019
0.010533 5.056349 9.518289
0.045500 4.685825 11.569741
0.470758 5.001467 13.515534
0.848292 6.212363 13.026029
0.540313 7.348281 9.822279
-0.947368 7.301116 6.365130
-1.887238 6.654538 6.896989
-1.640501 6.165164 9.125950
-0.626705 5.914203 11.019616
-0.345030 5.599615 11.125652
-0.412391 5.378194 10.056414
-0.372458 5.390904 8.574984
-0.206243 5.580802 7.200567
0.040213 5.698979 6.253792
0.642707 5.697607 5.782412
1.279486 5.737394 5.612627
1.769005 5.763145 5.457502
2.031750 5.707047 5.228034
2.080783 5.579350 5.164890
2.000934 5.405517 5.354524
1.735145 4.981681 5.584941
1.482149 4.567008 5.843581
1.426515 4.436822 6.535219
1.525941 4.556392 7.205868
1.522113 4.712721 7.589432
1.595179 4.563119 8.471101
2.195039 4.701610 10.438198
3.051048 5.595106 11.698572
3.511580 6.647457 11.082552
3.352690 7.137095 9.542995
2.221835 6.424699 9.412005
0.897595 5.025882 10.725668
0.087312 4.234355 11.357223
-0.351973 4.126341 10.649373
-0.284934 4.344557 8.649125
0.770425 4.709585 6.752270
2.300021 5.008980 6.769909
3.286966 5.270502 7.420971
3.480589 5.107433 6.374536
3.190739 4.478698 5.489752
2.912633 3.936818 5.604090
2.625574 3.333298 5.347099
2.336764 2.765421 5.679858
2.255483 2.464396 6.985437
2.026009 2.359726 8.579725
1.237445 2.341729 9.679556
0.418507 2.519716 10.041965
0.057166 3.093016 10.105431
0.459227 3.354902 10.720410
0.868905 3.216843 12.589626
1.319077 3.336985 14.520919
2.179693 4.586488 15.239522
3.137261 6.834115 12.992507
2.759458 8.092533 8.351710
0.443829 7.671216 5.335886
-1.279693 7.290287 7.501635
-1.129449 6.397195 8.910737
-0.829671 5.553652 8.959276
-0.678056 5.140361 9.042322
-0.154497 4.966439 8.931791
0.333816 4.994981 8.332441
0.519496 5.323380 7.372555
0.811981 5.803525 6.562879
1.272386 5.904126 6.357051
1.622608 5.717257 6.815566
1.662742 5.470245 7.512758
1.515970 5.226197 7.757045
1.514000 5.304000 7.370000
0.300000 0.300000 0.300000
