-0.200840 5.626136 6.730463
-0.255866 6.028014 6.236809
-0.312611 5.635936 8.254737
0.629779 4.649352 11.446768
0.942807 4.737941 13.658498
0.537174 4.996012 12.512221
-0.040881 4.734814 9.841269
-0.295040 4.460685 8.090553
-0.101145 4.309076 7.864775
0.282332 4.117588 8.112020
0.566043 4.090610 8.244336
1.092846 4.327025 8.266311
1.279266 4.525181 8.155728
0.838247 4.340536 8.006950
0.068459 3.851643 8.593173
-0.490935 3.500814 9.455912
-0.552179 3.554129 9.581094
-0.432922 3.955508 8.801263
-0.296841 4.447289 7.443037
-0.220942 4.466237 6.856003
-0.348165 4.219792 7.380192
-0.489929 3.944228 8.178702
-0.354277 3.828167 9.534622
-0.110472 3.642641 11.212728
-0.075882 3.684616 11.718888
-0.395607 3.986905 11.187611
-0.631871 4.308158 10.376142
-0.557939 4.515001 10.254416
-0.488410 4.777046 10.609153
-0.056827 4.649089 10.226256
0.085510 4.916941 10.767007
0.642864 5.437059 11.422420
1.157976 5.702894 10.336412
0.566940 5.630466 8.660532
-0.288478 5.202462 8.302336
-0.581775 4.512290 8.455307
-0.501560 4.138303 8.147907
-0.341762 4.158115 7.617869
-0.195184 4.231174 7.347252
-0.534663 3.915110 6.970760
-0.840092 3.594812 6.693032
-0.584130 3.647998 6.891585
-0.003128 4.040880 7.060886
0.315940 4.294973 7.511890
0.115503 4.096735 8.159701
-0.179000 3.948429 8.271113
-0.048004 4.238502 7.950978
0.344680 4.729788 7.098160
0.323721 5.108934 6.060614
0.043516 5.039113 5.904363
-0.250223 4.784491 6.976164
-0.264827 4.358236 9.213607
0.336051 4.046220 11.807935
0.994307 4.322630 12.589613
1.014408 4.822381 10.402639
0.320722 5.436720 7.301019
-0.155991 6.007929 6.057716
-0.417379 5.872299 6.694012
-0.704215 5.760873 8.070390
-0.325345 5.752576 9.209237
0.372586 5.462794 9.355773
0.279977 5.187370 9.537422
-0.245552 4.949582 10.154631
-0.543636 4.791217 10.588907
-0.323249 4.936423 10.386271
-0.077587 5.160573 9.618212
0.080447 5.001569 8.584045
0.306175 4.776873 8.259577
0.252144 4.637534 8.297409
-0.065866 4.410571 8.127732
-0.253590 4.382459 7.520626
-0.292239 4.412542 6.710309
-0.242406 4.251520 6.468536
-0.203494 4.023658 7.158484
-0.301376 3.804730 8.041818
-0.522432 3.656078 8.553743
-0.616223 3.792232 8.602370
-0.434362 4.069359 8.233700
-0.130545 4.485936 7.558921
0.357602 5.005588 7.226322
0.528032 5.240670 7.509427
0.137263 5.022629 8.126753
-0.631625 4.605277 9.027731
-1.130929 4.361508 9.795917
-1.060742 4.263791 10.576618
-0.323565 4.381048 11.468351
0.491103 4.973812 12.080991
0.497826 5.812708 11.294606
-0.299725 5.597022 9.958562
-0.871041 5.205599 10.519204
-0.087560 5.375847 11.122212
1.185284 5.693210 9.826519
1.138371 5.903487 8.943304
0.704304 5.673443 8.766783
0.396652 5.243844 8.949131
-0.018982 4.775309 8.695801
-0.083344 4.336907 7.699931
0.025103 4.199858 6.516937
0.097352 4.190592 5.661000
0.316788 4.032920 5.857424
0.368390 3.634565 6.671459
0.328475 3.344201 7.487154
0.359622 3.291829 7.955915
0.400360 3.411556 7.557577
0.423946 3.710101 6.940120
0.420420 3.978572 6.817042
0.513460 4.081611 7.278459
0.739955 4.187103 8.028608
1.195692 4.455980 8.330567
1.830143 4.912890 7.713071
2.494792 5.495486 6.341560
2.743027 5.985558 5.461746
2.744789 5.891078 6.297065
2.272748 5.307042 8.330494
1.600861 4.130164 11.115336
-0.044624 2.242718 15.130120
-0.216629 1.437761 18.414879
1.378509 2.796639 17.425155
2.067305 5.460183 9.963668
2.087249 6.781127 2.284234
1.185919 6.461771 3.479328
-0.390131 6.839508 9.652803
-0.267643 6.545082 12.458428
0.148400 5.961445 10.195887
-0.349772 5.728385 7.369782
-1.054715 5.164592 7.682746
-1.363811 4.351229 9.042735
-1.220579 3.777240 8.763649
-1.061878 3.530725 8.085053
-0.857566 3.643615 7.368797
-0.763572 3.749519 6.830994
-0.801020 3.718058 7.092295
-0.933479 3.721837 7.898414
-0.964824 3.972910 7.990928
-0.887682 4.294839 7.396109
-0.736046 4.415102 7.664886
-0.542362 4.684079 8.641034
-0.369768 4.689220 8.708639
-0.485741 4.572496 8.029208
-0.665008 4.670335 7.257847
-0.534389 4.757882 6.329616
-0.494425 4.619343 6.108243
-0.981409 4.182729 6.780085
-1.335166 3.838018 8.093611
-1.477239 3.380002 9.839128
-1.558243 2.399235 11.874722
-1.574183 1.627442 14.349357
-0.474569 2.244859 15.615052
0.865856 4.400670 14.437503
1.248727 7.059689 10.482137
0.837138 8.023498 7.735259
-0.003680 7.794560 9.844146
-0.245145 6.978184 10.444316
-0.712208 6.205823 8.961546
-0.397708 5.341044 8.209863
0.013503 4.624958 8.593040
-0.084744 4.097123 8.858246
-0.525468 3.517044 8.286177
-1.147061 3.323009 7.575656
-1.085689 3.323619 7.553158
-0.737001 3.167283 7.760496
-0.606430 2.859102 7.596913
-0.700326 2.734484 7.065872
-0.982924 2.896726 6.404320
-0.780901 3.207119 6.228278
-0.382588 3.737381 5.658687
0.235701 4.485006 4.784168
0.738581 4.811901 4.664591
1.433811 5.068221 4.900548
2.335481 5.343765 5.523922
2.958514 5.459720 5.978797
3.122627 5.637297 5.965557
2.572237 5.196732 6.659457
1.608865 4.591950 8.385984
1.074055 4.522940 10.160024
1.469113 4.649489 11.988366
1.805319 4.155580 14.051037
1.891382 3.736825 16.466801
1.390299 4.185732 15.861716
0.692474 4.820360 11.408952
0.526296 5.436193 10.024100
0.284810 7.208964 11.725587
0.074844 7.930554 12.290727
0.586051 6.011516 9.079496
-0.266399 4.794628 8.058803
-0.683307 4.509790 8.892966
-0.308422 4.430095 8.561432
-0.010230 4.436269 7.221868
-0.157130 4.388105 6.093254
-0.360912 4.329813 6.044663
-0.421026 4.053884 6.417839
-0.487816 3.916134 6.602604
-0.343831 3.990895 6.510588
-0.202719 3.984037 6.678947
-0.052288 4.118403 7.203087
0.189079 4.274679 7.728986
0.194313 4.451486 7.860019
-0.240333 4.483046 7.601242
-0.717000 4.356000 7.227000
0.300000 0.300000 0.300000
